1 1
2 1
3 1
4 1
5 1
6 1
7 1
8 1
9 1
10 1
11 1
12 1
13 1
14 1
15 1
16 1
17 1
18 1
19 1
20 1
21 1
22 1
23 1
24 1
25 1
26 1
27 1
28 1
29 1
30 1
31 1
32 1
33 1
34 1
35 1
36 1
37 1
38 1
39 1
40 1
41 1
42 1
43 1
44 1
45 1
46 1
47 1
48 1
49 1
50 1
51 1
52 1
53 1
54 1
55 1
56 1
57 1
58 1
59 1
60 1
61 2
62 2
63 2
64 2
65 2
66 2
67 2
68 2
69 2
70 2
71 2
72 2
73 2
74 2
75 2
76 2
77 2
78 2
79 2
80 2
81 2
82 2
83 2
84 2
85 2
86 2
87 2
88 2
89 2
90 2
91 2
92 2
93 2
94 2
95 2
96 2
97 2
98 2
99 2
100 2
101 2
102 2
103 2
104 2
105 2
106 2
107 2
108 2
109 2
110 2
111 2
112 2
113 2
114 2
115 2
116 2
117 2
118 2
119 2
120 2
121 3
122 3
123 3
124 3
125 3
126 3
127 3
128 3
129 3
130 3
131 3
132 3
133 3
134 3
135 3
136 3
137 3
138 3
139 3
140 3
141 3
142 3
143 3
144 3
145 3
146 3
147 3
148 3
149 3
150 3
151 3
152 3
153 3
154 3
155 3
156 3
157 3
158 3
159 3
160 3
161 3
162 3
163 3
164 3
165 3
166 3
167 3
168 3
169 3
170 3
171 3
172 3
173 3
174 3
175 3
176 3
177 3
178 3
179 4
180 4
181 4
182 4
183 4
184 4
185 4
186 4
187 4
188 4
189 4
190 4
191 4
192 4
193 4
194 4
195 4
196 4
197 4
198 4
199 4
200 4
201 4
202 4
203 4
204 4
205 4
206 4
207 4
208 4
209 4
210 4
211 4
212 4
213 4
214 4
215 4
216 4
217 4
218 4
219 4
220 4
221 4
222 4
223 4
224 4
225 4
226 4
227 4
228 4
229 4
230 4
231 4
232 4
233 4
234 4
235 4
236 4
237 4
238 4
239 5
240 5
241 5
242 5
243 5
244 5
245 5
246 5
247 5
248 5
249 5
250 5
251 5
252 5
253 5
254 5
255 5
256 5
257 5
258 5
259 5
260 5
261 5
262 5
263 5
264 5
265 5
266 5
267 5
268 5
269 5
270 5
271 5
272 5
273 5
274 5
275 5
276 5
277 5
278 5
279 5
280 5
281 5
282 5
283 6
284 6
285 6
286 6
287 6
288 6
289 6
290 6
291 6
292 6
293 6
294 6
295 6
296 6
297 6
298 6
299 6
300 6
301 6
302 6
303 6
304 6
305 6
306 6
307 6
308 6
309 6
310 6
311 6
312 6
313 6
314 6
315 6
316 6
317 6
318 6
319 6
320 6
321 6
322 6
323 6
324 7
325 7
326 7
327 7
328 7
329 7
330 7
331 7
332 7
333 7
334 7
335 7
336 7
337 7
338 7
339 7
340 7
341 7
342 7
343 7
344 7
345 7
346 7
347 7
348 7
349 7
350 7
351 7
352 7
353 7
354 7
355 7
356 7
357 7
358 7
359 7
360 7
361 7
362 7
363 7
364 7
365 7
366 7
367 7
368 7
369 7
370 7
371 7
372 7
373 7
374 7
375 7
376 7
377 8
378 8
379 8
380 8
381 8
382 8
383 8
384 8
385 8
386 8
387 8
388 8
389 8
390 8
391 8
392 8
393 8
394 8
395 8
396 8
397 8
398 8
399 8
400 8
401 8
402 8
403 8
404 8
405 8
406 8
407 8
408 8
409 8
410 8
411 8
412 8
413 8
414 8
415 8
416 8
417 8
418 8
419 8
420 8
421 8
422 8
423 8
424 8
425 9
426 9
427 9
428 9
429 9
430 9
431 9
432 9
433 9
434 9
435 9
436 9
437 9
438 9
439 9
440 9
441 9
442 9
443 9
444 9
445 9
446 9
447 9
448 9
449 9
450 9
451 9
452 9
453 9
454 9
455 9
456 9
457 9
458 9
459 9
460 9
461 9
462 9
463 9
464 9
465 9
466 9
467 9
468 9
469 9
470 9
471 9
472 9
473 9
474 9
475 9
476 9
477 9
478 9
479 9
480 9
481 9
482 9
483 9
484 10
485 10
486 10
487 10
488 10
489 10
490 10
491 10
492 10
493 10
494 10
495 10
496 10
497 10
498 10
499 10
500 10
501 10
502 10
503 10
504 10
505 10
506 10
507 10
508 10
509 10
510 10
511 10
512 10
513 10
514 10
515 10
516 10
517 10
518 10
519 10
520 10
521 10
522 10
523 10
524 10
525 10
526 10
527 10
528 10
529 10
530 10
531 10
532 10
533 10
534 10
535 10
536 10
537 10
538 10
539 10
540 10
541 10
542 10
543 10
544 11
545 11
546 11
547 11
548 11
549 11
550 11
551 11
552 11
553 11
554 11
555 11
556 11
557 11
558 11
559 11
560 11
561 11
562 11
563 11
564 11
565 11
566 11
567 11
568 11
569 11
570 11
571 11
572 11
573 11
574 11
575 11
576 11
577 11
578 11
579 11
580 11
581 11
582 11
583 11
584 11
585 11
586 11
587 11
588 11
589 11
590 11
591 11
592 11
593 11
594 11
595 11
596 11
597 11
598 11
599 11
600 11
601 11
602 11
603 11
604 12
605 12
606 12
607 12
608 12
609 12
610 12
611 12
612 12
613 12
614 12
615 12
616 12
617 12
618 12
619 12
620 12
621 12
622 12
623 12
624 12
625 12
626 12
627 12
628 12
629 12
630 12
631 12
632 12
633 12
634 12
635 12
636 12
637 12
638 12
639 12
640 12
641 12
642 12
643 12
644 12
645 12
646 12
647 12
648 12
649 12
650 12
651 12
652 12
653 12
654 12
655 12
656 12
657 12
658 12
659 12
660 13
661 13
662 13
663 13
664 13
665 13
666 13
667 13
668 13
669 13
670 13
671 13
672 13
673 13
674 13
675 13
676 13
677 13
678 13
679 13
680 13
681 13
682 13
683 13
684 13
685 13
686 13
687 13
688 13
689 13
690 13
691 13
692 13
693 13
694 13
695 13
696 13
697 13
698 13
699 13
700 13
701 13
702 13
703 13
704 13
705 13
706 13
707 13
708 13
709 13
710 13
711 13
712 13
713 13
714 13
715 13
716 13
717 13
718 13
719 13
720 14
721 14
722 14
723 14
724 14
725 14
726 14
727 14
728 14
729 14
730 14
731 14
732 14
733 14
734 14
735 14
736 14
737 14
738 14
739 14
740 14
741 14
742 14
743 14
744 14
745 14
746 14
747 14
748 14
749 14
750 14
751 14
752 14
753 14
754 14
755 14
756 14
757 14
758 14
759 14
760 14
761 14
762 14
763 14
764 14
765 14
766 14
767 14
768 14
769 14
770 14
771 14
772 14
773 14
774 14
775 14
776 14
777 14
778 14
779 14
780 15
781 15
782 15
783 15
784 15
785 15
786 15
787 15
788 15
789 15
790 15
791 15
792 15
793 15
794 15
795 15
796 15
797 15
798 15
799 15
800 15
801 15
802 15
803 15
804 15
805 15
806 15
807 15
808 15
809 15
810 15
811 15
812 15
813 15
814 15
815 15
816 15
817 15
818 15
819 15
820 15
821 15
822 15
823 15
824 15
825 15
826 15
827 15
828 15
829 15
830 15
831 15
832 15
833 15
834 15
835 15
836 15
837 15
838 16
839 16
840 16
841 16
842 16
843 16
844 16
845 16
846 16
847 16
848 16
849 16
850 16
851 16
852 16
853 16
854 16
855 16
856 16
857 16
858 16
859 16
860 16
861 16
862 16
863 16
864 16
865 16
866 16
867 16
868 16
869 16
870 16
871 16
872 16
873 16
874 16
875 16
876 16
877 16
878 16
879 16
880 16
881 16
882 16
883 16
884 16
885 16
886 16
887 16
888 16
889 16
890 16
891 16
892 16
893 16
894 16
895 16
896 17
897 17
898 17
899 17
900 17
901 17
902 17
903 17
904 17
905 17
906 17
907 17
908 17
909 17
910 17
911 17
912 17
913 17
914 17
915 17
916 17
917 17
918 17
919 17
920 17
921 17
922 17
923 17
924 17
925 17
926 17
927 17
928 17
929 17
930 17
931 17
932 17
933 17
934 17
935 17
936 17
937 17
938 17
939 17
940 17
941 17
942 17
943 17
944 17
945 17
946 17
947 17
948 17
949 17
950 17
951 17
952 17
953 18
954 18
955 18
956 18
957 18
958 18
959 18
960 18
961 18
962 18
963 18
964 18
965 18
966 18
967 18
968 18
969 18
970 18
971 18
972 18
973 18
974 18
975 18
976 18
977 18
978 18
979 18
980 18
981 18
982 18
983 18
984 18
985 18
986 18
987 18
988 18
989 18
990 18
991 18
992 18
993 18
994 18
995 18
996 18
997 18
998 19
999 19
1000 19
1001 19
1002 19
1003 19
1004 19
1005 19
1006 19
1007 19
1008 19
1009 19
1010 19
1011 19
1012 19
1013 19
1014 19
1015 19
1016 19
1017 19
1018 19
1019 19
1020 19
1021 19
1022 19
1023 19
1024 19
1025 19
1026 19
1027 19
1028 19
1029 19
1030 19
1031 19
1032 19
1033 19
1034 19
1035 19
1036 19
1037 19
1038 19
1039 19
1040 19
1041 19
1042 19
1043 19
1044 19
1045 19
1046 19
1047 19
1048 19
1049 19
1050 19
1051 19
1052 19
1053 19
1054 19
1055 19
1056 19
1057 20
1058 20
1059 20
1060 20
1061 20
1062 20
1063 20
1064 20
1065 20
1066 20
1067 20
1068 20
1069 20
1070 20
1071 20
1072 20
1073 20
1074 20
1075 20
1076 20
1077 20
1078 20
1079 20
1080 20
1081 20
1082 20
1083 20
1084 20
1085 20
1086 20
1087 20
1088 20
1089 20
1090 20
1091 20
1092 20
1093 20
1094 20
1095 20
1096 20
1097 20
1098 20
1099 20
1100 20
1101 20
1102 20
1103 20
1104 20
1105 20
1106 20
1107 20
1108 20
1109 20
1110 20
1111 20
1112 20
1113 20
1114 20
1115 20
1116 21
1117 21
1118 21
1119 21
1120 21
1121 21
1122 21
1123 21
1124 21
1125 21
1126 21
1127 21
1128 21
1129 21
1130 21
1131 21
1132 21
1133 21
1134 21
1135 21
1136 21
1137 21
1138 21
1139 21
1140 21
1141 21
1142 21
1143 21
1144 21
1145 21
1146 21
1147 21
1148 21
1149 21
1150 21
1151 21
1152 21
1153 21
1154 21
1155 21
1156 21
1157 21
1158 21
1159 21
1160 21
1161 21
1162 21
1163 21
1164 21
1165 21
1166 21
1167 21
1168 21
1169 21
1170 21
1171 21
1172 21
1173 21
1174 21
1175 21
1176 22
1177 22
1178 22
1179 22
1180 22
1181 22
1182 22
1183 22
1184 22
1185 22
1186 22
1187 22
1188 22
1189 22
1190 22
1191 22
1192 22
1193 22
1194 22
1195 22
1196 22
1197 22
1198 22
1199 22
1200 22
1201 22
1202 22
1203 22
1204 22
1205 22
1206 22
1207 22
1208 22
1209 22
1210 22
1211 22
1212 22
1213 22
1214 22
1215 22
1216 22
1217 22
1218 22
1219 22
1220 22
1221 22
1222 22
1223 22
1224 22
1225 22
1226 22
1227 22
1228 22
1229 22
1230 22
1231 22
1232 23
1233 23
1234 23
1235 23
1236 23
1237 23
1238 23
1239 23
1240 23
1241 23
1242 23
1243 23
1244 23
1245 23
1246 23
1247 23
1248 23
1249 23
1250 23
1251 23
1252 23
1253 23
1254 23
1255 23
1256 23
1257 23
1258 23
1259 23
1260 23
1261 23
1262 23
1263 23
1264 23
1265 23
1266 23
1267 23
1268 23
1269 23
1270 23
1271 23
1272 23
1273 23
1274 23
1275 23
1276 23
1277 23
1278 23
1279 23
1280 23
1281 23
1282 23
1283 23
1284 23
1285 23
1286 23
1287 23
1288 23
1289 23
1290 23
1291 24
1292 24
1293 24
1294 24
1295 24
1296 24
1297 24
1298 24
1299 24
1300 24
1301 24
1302 24
1303 24
1304 24
1305 24
1306 24
1307 24
1308 24
1309 24
1310 24
1311 24
1312 24
1313 24
1314 24
1315 24
1316 24
1317 24
1318 24
1319 24
1320 24
1321 24
1322 24
1323 24
1324 24
1325 24
1326 24
1327 24
1328 24
1329 24
1330 24
1331 24
1332 24
1333 24
1334 24
1335 24
1336 24
1337 24
1338 24
1339 24
1340 24
1341 24
1342 24
1343 25
1344 25
1345 25
1346 25
1347 25
1348 25
1349 25
1350 25
1351 25
1352 25
1353 25
1354 25
1355 25
1356 25
1357 25
1358 25
1359 25
1360 25
1361 25
1362 25
1363 25
1364 25
1365 25
1366 25
1367 25
1368 25
1369 25
1370 25
1371 25
1372 25
1373 25
1374 25
1375 25
1376 25
1377 25
1378 25
1379 25
1380 25
1381 25
1382 25
1383 25
1384 25
1385 25
1386 25
1387 25
1388 25
1389 25
1390 25
1391 25
1392 25
1393 25
1394 25
1395 25
1396 25
1397 25
1398 25
1399 25
1400 25
1401 25
1402 25
1403 26
1404 26
1405 26
1406 26
1407 26
1408 26
1409 26
1410 26
1411 26
1412 26
1413 26
1414 26
1415 26
1416 26
1417 26
1418 26
1419 26
1420 26
1421 26
1422 26
1423 26
1424 26
1425 26
1426 26
1427 26
1428 26
1429 26
1430 26
1431 26
1432 26
1433 26
1434 26
1435 26
1436 26
1437 26
1438 26
1439 26
1440 26
1441 26
1442 26
1443 26
1444 26
1445 26
1446 26
1447 26
1448 26
1449 26
1450 26
1451 26
1452 26
1453 26
1454 26
1455 26
1456 26
1457 26
1458 26
1459 26
1460 26
1461 26
1462 26
1463 27
1464 27
1465 27
1466 27
1467 27
1468 27
1469 27
1470 27
1471 27
1472 27
1473 27
1474 27
1475 27
1476 27
1477 27
1478 27
1479 27
1480 27
1481 27
1482 27
1483 27
1484 27
1485 27
1486 27
1487 27
1488 27
1489 27
1490 27
1491 27
1492 27
1493 27
1494 27
1495 27
1496 27
1497 27
1498 27
1499 27
1500 27
1501 27
1502 27
1503 27
1504 27
1505 27
1506 27
1507 27
1508 27
1509 27
1510 27
1511 27
1512 27
1513 27
1514 27
1515 27
1516 27
1517 27
1518 27
1519 27
1520 27
1521 27
1522 27
1523 28
1524 28
1525 28
1526 28
1527 28
1528 28
1529 28
1530 28
1531 28
1532 28
1533 28
1534 28
1535 28
1536 28
1537 28
1538 28
1539 28
1540 28
1541 28
1542 28
1543 28
1544 28
1545 28
1546 28
1547 28
1548 28
1549 28
1550 28
1551 28
1552 28
1553 28
1554 28
1555 28
1556 28
1557 28
1558 28
1559 28
1560 28
1561 28
1562 28
1563 28
1564 28
1565 28
1566 28
1567 28
1568 28
1569 28
1570 28
1571 28
1572 28
1573 28
1574 28
1575 28
1576 28
1577 28
1578 28
1579 28
1580 28
1581 28
1582 29
1583 29
1584 29
1585 29
1586 29
1587 29
1588 29
1589 29
1590 29
1591 29
1592 29
1593 29
1594 29
1595 29
1596 29
1597 29
1598 29
1599 29
1600 29
1601 29
1602 29
1603 29
1604 29
1605 29
1606 29
1607 29
1608 29
1609 29
1610 29
1611 29
1612 29
1613 29
1614 29
1615 29
1616 29
1617 29
1618 29
1619 29
1620 29
1621 29
1622 29
1623 29
1624 29
1625 29
1626 29
1627 29
1628 29
1629 29
1630 29
1631 29
1632 29
1633 29
1634 29
1635 29
1636 29
1637 29
1638 29
1639 29
1640 29
1641 29
1642 30
1643 30
1644 30
1645 30
1646 30
1647 30
1648 30
1649 30
1650 30
1651 30
1652 30
1653 30
1654 30
1655 30
1656 30
1657 30
1658 30
1659 30
1660 30
1661 30
1662 30
1663 30
1664 30
1665 30
1666 30
1667 30
1668 30
1669 30
1670 30
1671 30
1672 30
1673 30
1674 30
1675 30
1676 30
1677 30
1678 30
1679 30
1680 30
1681 30
1682 30
1683 30
1684 30
1685 30
1686 30
1687 30
1688 30
1689 30
1690 30
1691 30
1692 30
1693 30
1694 30
1695 30
1696 30
1697 30
1698 30
1699 30
1700 30
1701 30
1702 31
1703 31
1704 31
1705 31
1706 31
1707 31
1708 31
1709 31
1710 31
1711 31
1712 31
1713 31
1714 31
1715 31
1716 31
1717 31
1718 31
1719 31
1720 31
1721 31
1722 31
1723 31
1724 31
1725 31
1726 31
1727 31
1728 31
1729 31
1730 31
1731 31
1732 31
1733 31
1734 31
1735 31
1736 31
1737 31
1738 31
1739 31
1740 31
1741 31
1742 31
1743 31
1744 31
1745 31
1746 31
1747 31
1748 31
1749 31
1750 31
1751 31
1752 31
1753 31
1754 31
1755 31
1756 31
1757 31
1758 31
1759 31
1760 31
1761 31
1762 32
1763 32
1764 32
1765 32
1766 32
1767 32
1768 32
1769 32
1770 32
1771 32
1772 32
1773 32
1774 32
1775 32
1776 32
1777 32
1778 32
1779 32
1780 32
1781 32
1782 32
1783 32
1784 32
1785 32
1786 32
1787 32
1788 32
1789 32
1790 32
1791 32
1792 32
1793 32
1794 32
1795 32
1796 32
1797 32
1798 32
1799 32
1800 32
1801 32
1802 32
1803 32
1804 32
1805 32
1806 32
1807 32
1808 32
1809 32
1810 32
1811 32
1812 32
1813 32
1814 32
1815 33
1816 33
1817 33
1818 33
1819 33
1820 33
1821 33
1822 33
1823 33
1824 33
1825 33
1826 33
1827 33
1828 33
1829 33
1830 33
1831 33
1832 33
1833 33
1834 33
1835 33
1836 33
1837 33
1838 33
1839 33
1840 33
1841 33
1842 33
1843 33
1844 33
1845 33
1846 33
1847 33
1848 33
1849 33
1850 33
1851 33
1852 33
1853 33
1854 33
1855 33
1856 33
1857 33
1858 33
1859 33
1860 33
1861 33
1862 33
1863 33
1864 33
1865 33
1866 33
1867 33
1868 33
1869 33
1870 33
1871 33
1872 33
1873 33
1874 34
1875 34
1876 34
1877 34
1878 34
1879 34
1880 34
1881 34
1882 34
1883 34
1884 34
1885 34
1886 34
1887 34
1888 34
1889 34
1890 34
1891 34
1892 34
1893 34
1894 34
1895 34
1896 34
1897 34
1898 34
1899 34
1900 34
1901 34
1902 34
1903 34
1904 34
1905 34
1906 34
1907 34
1908 34
1909 34
1910 34
1911 34
1912 34
1913 34
1914 34
1915 34
1916 34
1917 34
1918 34
1919 34
1920 34
1921 34
1922 34
1923 34
1924 34
1925 34
1926 34
1927 34
1928 34
1929 34
1930 34
1931 34
1932 34
1933 35
1934 35
1935 35
1936 35
1937 35
1938 35
1939 35
1940 35
1941 35
1942 35
1943 35
1944 35
1945 35
1946 35
1947 35
1948 35
1949 35
1950 35
1951 35
1952 35
1953 35
1954 35
1955 35
1956 35
1957 35
1958 35
1959 35
1960 35
1961 35
1962 35
1963 35
1964 35
1965 35
1966 35
1967 35
1968 35
1969 35
1970 35
1971 35
1972 35
1973 35
1974 35
1975 35
1976 35
1977 35
1978 35
1979 35
1980 35
1981 35
1982 35
1983 35
1984 35
1985 35
1986 35
1987 35
1988 35
1989 35
1990 35
1991 35
1992 35
1993 36
1994 36
1995 36
1996 36
1997 36
1998 36
1999 36
2000 36
2001 36
2002 36
2003 36
2004 36
2005 36
2006 36
2007 36
2008 36
2009 36
2010 36
2011 36
2012 36
2013 36
2014 36
2015 36
2016 36
2017 36
2018 36
2019 36
2020 36
2021 36
2022 36
2023 36
2024 36
2025 36
2026 36
2027 36
2028 36
2029 36
2030 36
2031 36
2032 36
2033 36
2034 36
2035 36
2036 36
2037 36
2038 36
2039 36
2040 36
2041 36
2042 36
2043 36
2044 36
2045 36
2046 36
2047 36
2048 36
2049 36
2050 36
2051 36
2052 36
2053 37
2054 37
2055 37
2056 37
2057 37
2058 37
2059 37
2060 37
2061 37
2062 37
2063 37
2064 37
2065 37
2066 37
2067 37
2068 37
2069 37
2070 37
2071 37
2072 37
2073 37
2074 37
2075 37
2076 37
2077 37
2078 37
2079 37
2080 37
2081 37
2082 37
2083 37
2084 37
2085 37
2086 37
2087 37
2088 37
2089 37
2090 37
2091 37
2092 37
2093 37
2094 37
2095 37
2096 37
2097 37
2098 37
2099 37
2100 37
2101 37
2102 37
2103 37
2104 37
2105 37
2106 37
2107 37
2108 37
2109 37
2110 37
2111 37
2112 38
2113 38
2114 38
2115 38
2116 38
2117 38
2118 38
2119 38
2120 38
2121 38
2122 38
2123 38
2124 38
2125 38
2126 38
2127 38
2128 38
2129 38
2130 38
2131 38
2132 38
2133 38
2134 38
2135 38
2136 38
2137 38
2138 38
2139 38
2140 38
2141 38
2142 38
2143 38
2144 38
2145 38
2146 38
2147 38
2148 38
2149 38
2150 38
2151 38
2152 38
2153 38
2154 38
2155 38
2156 38
2157 38
2158 38
2159 38
2160 38
2161 38
2162 38
2163 38
2164 38
2165 38
2166 38
2167 38
2168 38
2169 38
2170 38
2171 38
2172 39
2173 39
2174 39
2175 39
2176 39
2177 39
2178 39
2179 39
2180 39
2181 39
2182 39
2183 39
2184 39
2185 39
2186 39
2187 39
2188 39
2189 39
2190 39
2191 39
2192 39
2193 39
2194 39
2195 39
2196 39
2197 39
2198 39
2199 39
2200 39
2201 39
2202 39
2203 39
2204 39
2205 39
2206 39
2207 39
2208 39
2209 39
2210 39
2211 39
2212 39
2213 39
2214 39
2215 39
2216 39
2217 39
2218 39
2219 39
2220 39
2221 39
2222 39
2223 39
2224 39
2225 39
2226 39
2227 39
2228 39
2229 39
2230 39
2231 40
2232 40
2233 40
2234 40
2235 40
2236 40
2237 40
2238 40
2239 40
2240 40
2241 40
2242 40
2243 40
2244 40
2245 40
2246 40
2247 40
2248 40
2249 40
2250 40
2251 40
2252 40
2253 40
2254 40
2255 40
2256 40
2257 40
2258 40
2259 40
2260 40
2261 40
2262 40
2263 40
2264 40
2265 40
2266 40
2267 40
2268 40
2269 40
2270 40
2271 40
2272 40
2273 40
2274 40
2275 40
2276 40
2277 40
2278 40
2279 40
2280 40
2281 40
2282 40
2283 40
2284 40
2285 40
2286 40
2287 40
2288 40
2289 40
2290 40
2291 41
2292 41
2293 41
2294 41
2295 41
2296 41
2297 41
2298 41
2299 41
2300 41
2301 41
2302 41
2303 41
2304 41
2305 41
2306 41
2307 41
2308 41
2309 41
2310 41
2311 41
2312 41
2313 41
2314 41
2315 41
2316 41
2317 41
2318 41
2319 41
2320 41
2321 41
2322 41
2323 41
2324 41
2325 41
2326 41
2327 41
2328 41
2329 41
2330 41
2331 41
2332 41
2333 41
2334 41
2335 41
2336 41
2337 41
2338 41
2339 41
2340 41
2341 41
2342 41
2343 41
2344 41
2345 41
2346 41
2347 41
2348 41
2349 41
2350 41
2351 42
2352 42
2353 42
2354 42
2355 42
2356 42
2357 42
2358 42
2359 42
2360 42
2361 42
2362 42
2363 42
2364 42
2365 42
2366 42
2367 42
2368 42
2369 42
2370 42
2371 42
2372 42
2373 42
2374 42
2375 42
2376 42
2377 42
2378 42
2379 42
2380 42
2381 42
2382 42
2383 42
2384 42
2385 42
2386 42
2387 42
2388 42
2389 42
2390 42
2391 42
2392 42
2393 42
2394 42
2395 42
2396 42
2397 42
2398 42
2399 42
2400 42
2401 42
2402 42
2403 42
2404 42
2405 42
2406 42
2407 42
2408 42
2409 42
2410 42
2411 43
2412 43
2413 43
2414 43
2415 43
2416 43
2417 43
2418 43
2419 43
2420 43
2421 43
2422 43
2423 43
2424 43
2425 43
2426 43
2427 43
2428 43
2429 43
2430 43
2431 43
2432 43
2433 43
2434 43
2435 43
2436 43
2437 43
2438 43
2439 43
2440 43
2441 43
2442 43
2443 43
2444 43
2445 43
2446 43
2447 43
2448 43
2449 43
2450 43
2451 43
2452 43
2453 43
2454 43
2455 43
2456 43
2457 43
2458 43
2459 43
2460 43
2461 43
2462 43
2463 43
2464 43
2465 43
2466 43
2467 43
2468 43
2469 43
2470 44
2471 44
2472 44
2473 44
2474 44
2475 44
2476 44
2477 44
2478 44
2479 44
2480 44
2481 44
2482 44
2483 44
2484 44
2485 44
2486 44
2487 44
2488 44
2489 44
2490 44
2491 44
2492 44
2493 44
2494 44
2495 44
2496 44
2497 44
2498 44
2499 44
2500 44
2501 44
2502 44
2503 44
2504 44
2505 44
2506 44
2507 44
2508 44
2509 44
2510 44
2511 44
2512 44
2513 44
2514 44
2515 44
2516 44
2517 44
2518 44
2519 44
2520 44
2521 44
2522 44
2523 44
2524 44
2525 44
2526 44
2527 44
2528 44
2529 44
2530 45
2531 45
2532 45
2533 45
2534 45
2535 45
2536 45
2537 45
2538 45
2539 45
2540 45
2541 45
2542 45
2543 45
2544 45
2545 45
2546 45
2547 45
2548 45
2549 45
2550 45
2551 45
2552 45
2553 45
2554 45
2555 45
2556 45
2557 45
2558 45
2559 45
2560 45
2561 45
2562 45
2563 45
2564 45
2565 45
2566 45
2567 45
2568 45
2569 45
2570 45
2571 45
2572 45
2573 45
2574 45
2575 45
2576 45
2577 45
2578 45
2579 45
2580 45
2581 45
2582 45
2583 45
2584 45
2585 45
2586 45
2587 45
2588 45
2589 45
2590 46
2591 46
2592 46
2593 46
2594 46
2595 46
2596 46
2597 46
2598 46
2599 46
2600 46
2601 46
2602 46
2603 46
2604 46
2605 46
2606 46
2607 46
2608 46
2609 46
2610 46
2611 46
2612 46
2613 46
2614 46
2615 46
2616 46
2617 46
2618 46
2619 46
2620 46
2621 46
2622 46
2623 46
2624 46
2625 46
2626 46
2627 46
2628 46
2629 46
2630 46
2631 46
2632 46
2633 46
2634 46
2635 46
2636 46
2637 46
2638 46
2639 46
2640 46
2641 46
2642 46
2643 46
2644 46
2645 46
2646 46
2647 46
2648 46
2649 46
2650 47
2651 47
2652 47
2653 47
2654 47
2655 47
2656 47
2657 47
2658 47
2659 47
2660 47
2661 47
2662 47
2663 47
2664 47
2665 47
2666 47
2667 47
2668 47
2669 47
2670 47
2671 47
2672 47
2673 47
2674 47
2675 47
2676 47
2677 47
2678 47
2679 47
2680 47
2681 47
2682 47
2683 47
2684 47
2685 47
2686 47
2687 47
2688 47
2689 47
2690 47
2691 47
2692 47
2693 47
2694 47
2695 47
2696 47
2697 47
2698 47
2699 47
2700 47
2701 47
2702 47
2703 47
2704 47
2705 47
2706 47
2707 47
2708 47
2709 47
2710 48
2711 48
2712 48
2713 48
2714 48
2715 48
2716 48
2717 48
2718 48
2719 48
2720 48
2721 48
2722 48
2723 48
2724 48
2725 48
2726 48
2727 48
2728 48
2729 48
2730 48
2731 48
2732 48
2733 48
2734 48
2735 48
2736 48
2737 48
2738 48
2739 48
2740 48
2741 48
2742 48
2743 48
2744 48
2745 48
2746 48
2747 48
2748 48
2749 48
2750 48
2751 48
2752 48
2753 48
2754 48
2755 48
2756 48
2757 48
2758 48
2759 48
2760 48
2761 48
2762 48
2763 48
2764 48
2765 48
2766 48
2767 48
2768 48
2769 48
2770 49
2771 49
2772 49
2773 49
2774 49
2775 49
2776 49
2777 49
2778 49
2779 49
2780 49
2781 49
2782 49
2783 49
2784 49
2785 49
2786 49
2787 49
2788 49
2789 49
2790 49
2791 49
2792 49
2793 49
2794 49
2795 49
2796 49
2797 49
2798 49
2799 49
2800 49
2801 49
2802 49
2803 49
2804 49
2805 49
2806 49
2807 49
2808 49
2809 49
2810 49
2811 49
2812 49
2813 49
2814 49
2815 49
2816 49
2817 49
2818 49
2819 49
2820 49
2821 49
2822 49
2823 49
2824 49
2825 49
2826 49
2827 49
2828 49
2829 49
2830 50
2831 50
2832 50
2833 50
2834 50
2835 50
2836 50
2837 50
2838 50
2839 50
2840 50
2841 50
2842 50
2843 50
2844 50
2845 50
2846 50
2847 50
2848 50
2849 50
2850 50
2851 50
2852 50
2853 50
2854 50
2855 50
2856 50
2857 50
2858 50
2859 50
2860 50
2861 50
2862 50
2863 50
2864 50
2865 50
2866 50
2867 50
2868 50
2869 50
2870 50
2871 50
2872 50
2873 50
2874 50
2875 50
2876 50
2877 50
2878 50
2879 50
2880 50
2881 50
2882 50
2883 50
2884 50
2885 50
2886 50
2887 50
2888 50
2889 50
2890 51
2891 51
2892 51
2893 51
2894 51
2895 51
2896 51
2897 51
2898 51
2899 51
2900 51
2901 51
2902 51
2903 51
2904 51
2905 51
2906 51
2907 51
2908 51
2909 51
2910 51
2911 51
2912 51
2913 51
2914 51
2915 51
2916 51
2917 51
2918 51
2919 51
2920 51
2921 51
2922 51
2923 51
2924 51
2925 51
2926 51
2927 51
2928 51
2929 51
2930 51
2931 51
2932 51
2933 51
2934 51
2935 51
2936 51
2937 51
2938 51
2939 51
2940 51
2941 51
2942 51
2943 51
2944 51
2945 51
2946 51
2947 51
2948 51
2949 51
2950 52
2951 52
2952 52
2953 52
2954 52
2955 52
2956 52
2957 52
2958 52
2959 52
2960 52
2961 52
2962 52
2963 52
2964 52
2965 52
2966 52
2967 52
2968 52
2969 52
2970 52
2971 52
2972 52
2973 52
2974 52
2975 52
2976 52
2977 52
2978 52
2979 52
2980 52
2981 52
2982 52
2983 52
2984 52
2985 52
2986 52
2987 52
2988 52
2989 52
2990 52
2991 52
2992 52
2993 52
2994 52
2995 52
2996 52
2997 52
2998 52
2999 52
3000 52
3001 52
3002 52
3003 52
3004 52
3005 52
3006 52
3007 52
3008 52
3009 52
3010 53
3011 53
3012 53
3013 53
3014 53
3015 53
3016 53
3017 53
3018 53
3019 53
3020 53
3021 53
3022 53
3023 53
3024 53
3025 53
3026 53
3027 53
3028 53
3029 53
3030 53
3031 53
3032 53
3033 53
3034 53
3035 53
3036 53
3037 53
3038 53
3039 53
3040 53
3041 53
3042 53
3043 53
3044 53
3045 53
3046 53
3047 53
3048 53
3049 53
3050 53
3051 53
3052 53
3053 53
3054 53
3055 53
3056 53
3057 53
3058 53
3059 53
3060 53
3061 53
3062 53
3063 53
3064 53
3065 53
3066 53
3067 53
3068 53
3069 53
3070 54
3071 54
3072 54
3073 54
3074 54
3075 54
3076 54
3077 54
3078 54
3079 54
3080 54
3081 54
3082 54
3083 54
3084 54
3085 54
3086 54
3087 54
3088 54
3089 54
3090 54
3091 54
3092 54
3093 54
3094 54
3095 54
3096 54
3097 54
3098 54
3099 54
3100 54
3101 54
3102 54
3103 54
3104 54
3105 54
3106 54
3107 54
3108 54
3109 54
3110 54
3111 54
3112 54
3113 54
3114 54
3115 54
3116 54
3117 54
3118 54
3119 54
3120 54
3121 54
3122 54
3123 54
3124 54
3125 54
3126 54
3127 54
3128 54
3129 54
3130 55
3131 55
3132 55
3133 55
3134 55
3135 55
3136 55
3137 55
3138 55
3139 55
3140 55
3141 55
3142 55
3143 55
3144 55
3145 55
3146 55
3147 55
3148 55
3149 55
3150 55
3151 55
3152 55
3153 55
3154 55
3155 55
3156 55
3157 55
3158 55
3159 55
3160 55
3161 55
3162 55
3163 55
3164 55
3165 55
3166 55
3167 55
3168 55
3169 55
3170 55
3171 55
3172 55
3173 55
3174 55
3175 55
3176 55
3177 55
3178 55
3179 55
3180 55
3181 55
3182 55
3183 55
3184 55
3185 55
3186 55
3187 55
3188 55
3189 55
3190 56
3191 56
3192 56
3193 56
3194 56
3195 56
3196 56
3197 56
3198 56
3199 56
3200 56
3201 56
3202 56
3203 56
3204 56
3205 56
3206 56
3207 56
3208 56
3209 56
3210 56
3211 56
3212 56
3213 56
3214 56
3215 56
3216 56
3217 56
3218 56
3219 56
3220 56
3221 56
3222 56
3223 56
3224 56
3225 56
3226 56
3227 56
3228 56
3229 56
3230 56
3231 56
3232 56
3233 56
3234 56
3235 56
3236 56
3237 56
3238 56
3239 56
3240 56
3241 56
3242 56
3243 56
3244 56
3245 56
3246 56
3247 56
3248 56
3249 56
3250 57
3251 57
3252 57
3253 57
3254 57
3255 57
3256 57
3257 57
3258 57
3259 57
3260 57
3261 57
3262 57
3263 57
3264 57
3265 57
3266 57
3267 57
3268 57
3269 57
3270 57
3271 57
3272 57
3273 57
3274 57
3275 57
3276 57
3277 57
3278 57
3279 57
3280 57
3281 57
3282 57
3283 57
3284 57
3285 57
3286 57
3287 57
3288 57
3289 57
3290 57
3291 57
3292 57
3293 57
3294 57
3295 57
3296 57
3297 57
3298 57
3299 57
3300 57
3301 57
3302 57
3303 57
3304 57
3305 57
3306 57
3307 57
3308 57
3309 57
3310 58
3311 58
3312 58
3313 58
3314 58
3315 58
3316 58
3317 58
3318 58
3319 58
3320 58
3321 58
3322 58
3323 58
3324 58
3325 58
3326 58
3327 58
3328 58
3329 58
3330 58
3331 58
3332 58
3333 58
3334 58
3335 58
3336 58
3337 58
3338 58
3339 58
3340 58
3341 58
3342 58
3343 58
3344 58
3345 58
3346 58
3347 58
3348 58
3349 58
3350 58
3351 58
3352 58
3353 58
3354 58
3355 58
3356 58
3357 58
3358 58
3359 58
3360 58
3361 58
3362 58
3363 58
3364 58
3365 58
3366 58
3367 58
3368 59
3369 59
3370 59
3371 59
3372 59
3373 59
3374 59
3375 59
3376 59
3377 59
3378 59
3379 59
3380 59
3381 59
3382 59
3383 59
3384 59
3385 59
3386 59
3387 59
3388 59
3389 59
3390 59
3391 59
3392 59
3393 59
3394 59
3395 59
3396 59
3397 59
3398 59
3399 59
3400 59
3401 59
3402 59
3403 59
3404 59
3405 59
3406 59
3407 59
3408 59
3409 59
3410 59
3411 59
3412 59
3413 59
3414 59
3415 59
3416 59
3417 59
3418 59
3419 59
3420 59
3421 59
3422 59
3423 59
3424 59
3425 59
3426 59
3427 59
3428 60
3429 60
3430 60
3431 60
3432 60
3433 60
3434 60
3435 60
3436 60
3437 60
3438 60
3439 60
3440 60
3441 60
3442 60
3443 60
3444 60
3445 60
3446 60
3447 60
3448 60
3449 60
3450 60
3451 60
3452 60
3453 60
3454 60
3455 60
3456 60
3457 60
3458 60
3459 60
3460 60
3461 60
3462 60
3463 60
3464 60
3465 60
3466 60
3467 60
3468 60
3469 60
3470 60
3471 60
3472 60
3473 60
3474 60
3475 60
3476 60
3477 60
3478 60
3479 60
3480 60
3481 60
3482 60
3483 60
3484 60
3485 60
3486 60
3487 61
3488 61
3489 61
3490 61
3491 61
3492 61
3493 61
3494 61
3495 61
3496 61
3497 61
3498 61
3499 61
3500 61
3501 61
3502 61
3503 61
3504 61
3505 61
3506 61
3507 61
3508 61
3509 61
3510 61
3511 61
3512 61
3513 61
3514 61
3515 61
3516 61
3517 61
3518 61
3519 61
3520 61
3521 61
3522 61
3523 61
3524 61
3525 61
3526 61
3527 61
3528 61
3529 61
3530 61
3531 61
3532 61
3533 61
3534 61
3535 61
3536 61
3537 61
3538 61
3539 61
3540 61
3541 61
3542 61
3543 61
3544 61
3545 61
3546 61
3547 62
3548 62
3549 62
3550 62
3551 62
3552 62
3553 62
3554 62
3555 62
3556 62
3557 62
3558 62
3559 62
3560 62
3561 62
3562 62
3563 62
3564 62
3565 62
3566 62
3567 62
3568 62
3569 62
3570 62
3571 62
3572 62
3573 62
3574 62
3575 62
3576 62
3577 62
3578 62
3579 62
3580 62
3581 62
3582 62
3583 62
3584 62
3585 62
3586 62
3587 62
3588 62
3589 62
3590 62
3591 62
3592 62
3593 62
3594 62
3595 62
3596 62
3597 62
3598 62
3599 62
3600 62
3601 62
3602 62
3603 62
3604 62
3605 62
3606 62
3607 63
3608 63
3609 63
3610 63
3611 63
3612 63
3613 63
3614 63
3615 63
3616 63
3617 63
3618 63
3619 63
3620 63
3621 63
3622 63
3623 63
3624 63
3625 63
3626 63
3627 63
3628 63
3629 63
3630 63
3631 63
3632 63
3633 63
3634 63
3635 63
3636 63
3637 63
3638 63
3639 63
3640 63
3641 63
3642 63
3643 63
3644 63
3645 63
3646 63
3647 63
3648 63
3649 63
3650 63
3651 63
3652 63
3653 63
3654 63
3655 63
3656 63
3657 63
3658 63
3659 63
3660 63
3661 63
3662 63
3663 63
3664 63
3665 63
3666 63
3667 64
3668 64
3669 64
3670 64
3671 64
3672 64
3673 64
3674 64
3675 64
3676 64
3677 64
3678 64
3679 64
3680 64
3681 64
3682 64
3683 64
3684 64
3685 64
3686 64
3687 64
3688 64
3689 64
3690 64
3691 64
3692 64
3693 64
3694 64
3695 64
3696 64
3697 64
3698 64
3699 64
3700 64
3701 64
3702 64
3703 64
3704 64
3705 64
3706 64
3707 64
3708 64
3709 64
3710 64
3711 64
3712 64
3713 64
3714 64
3715 64
3716 64
3717 64
3718 64
3719 64
3720 64
3721 64
3722 64
3723 64
3724 64
3725 64
3726 64
3727 65
3728 65
3729 65
3730 65
3731 65
3732 65
3733 65
3734 65
3735 65
3736 65
3737 65
3738 65
3739 65
3740 65
3741 65
3742 65
3743 65
3744 65
3745 65
3746 65
3747 65
3748 65
3749 65
3750 65
3751 65
3752 65
3753 65
3754 65
3755 65
3756 65
3757 65
3758 65
3759 65
3760 65
3761 65
3762 65
3763 65
3764 65
3765 65
3766 65
3767 65
3768 65
3769 65
3770 65
3771 65
3772 65
3773 65
3774 65
3775 65
3776 65
3777 66
3778 66
3779 66
3780 66
3781 66
3782 66
3783 66
3784 66
3785 66
3786 66
3787 66
3788 66
3789 66
3790 66
3791 66
3792 66
3793 66
3794 66
3795 66
3796 66
3797 66
3798 66
3799 66
3800 66
3801 66
3802 66
3803 66
3804 66
3805 66
3806 66
3807 66
3808 66
3809 66
3810 66
3811 66
3812 66
3813 66
3814 66
3815 66
3816 66
3817 66
3818 66
3819 66
3820 66
3821 66
3822 66
3823 66
3824 66
3825 66
3826 66
3827 66
3828 66
3829 66
3830 66
3831 66
3832 66
3833 66
3834 66
3835 66
3836 66
3837 67
3838 67
3839 67
3840 67
3841 67
3842 67
3843 67
3844 67
3845 67
3846 67
3847 67
3848 67
3849 67
3850 67
3851 67
3852 67
3853 67
3854 67
3855 67
3856 67
3857 67
3858 67
3859 67
3860 67
3861 67
3862 67
3863 67
3864 67
3865 67
3866 67
3867 67
3868 67
3869 67
3870 67
3871 67
3872 67
3873 67
3874 67
3875 67
3876 67
3877 67
3878 67
3879 67
3880 67
3881 67
3882 67
3883 67
3884 67
3885 67
3886 67
3887 67
3888 67
3889 67
3890 67
3891 67
3892 67
3893 67
3894 67
3895 67
3896 67
3897 68
3898 68
3899 68
3900 68
3901 68
3902 68
3903 68
3904 68
3905 68
3906 68
3907 68
3908 68
3909 68
3910 68
3911 68
3912 68
3913 68
3914 68
3915 68
3916 68
3917 68
3918 68
3919 68
3920 68
3921 68
3922 68
3923 68
3924 68
3925 68
3926 68
3927 68
3928 68
3929 68
3930 68
3931 68
3932 68
3933 68
3934 68
3935 68
3936 68
3937 68
3938 68
3939 68
3940 68
3941 68
3942 68
3943 68
3944 68
3945 68
3946 68
3947 68
3948 68
3949 68
3950 68
3951 68
3952 68
3953 68
3954 68
3955 68
3956 68
3957 69
3958 69
3959 69
3960 69
3961 69
3962 69
3963 69
3964 69
3965 69
3966 69
3967 69
3968 69
3969 69
3970 69
3971 69
3972 69
3973 69
3974 69
3975 69
3976 69
3977 69
3978 69
3979 69
3980 69
3981 69
3982 69
3983 69
3984 69
3985 69
3986 69
3987 69
3988 69
3989 69
3990 69
3991 69
3992 69
3993 69
3994 69
3995 69
3996 69
3997 69
3998 69
3999 69
4000 69
4001 69
4002 69
4003 69
4004 69
4005 69
4006 69
4007 69
4008 69
4009 69
4010 69
4011 69
4012 69
4013 69
4014 69
4015 69
4016 69
4017 70
4018 70
4019 70
4020 70
4021 70
4022 70
4023 70
4024 70
4025 70
4026 70
4027 70
4028 70
4029 70
4030 70
4031 70
4032 70
4033 70
4034 70
4035 70
4036 70
4037 70
4038 70
4039 70
4040 70
4041 70
4042 70
4043 70
4044 70
4045 70
4046 70
4047 70
4048 70
4049 70
4050 70
4051 70
4052 70
4053 70
4054 70
4055 70
4056 70
4057 70
4058 70
4059 70
4060 70
4061 70
4062 70
4063 70
4064 70
4065 70
4066 70
4067 70
4068 70
4069 70
4070 70
4071 70
4072 70
4073 70
4074 70
4075 70
4076 70
4077 71
4078 71
4079 71
4080 71
4081 71
4082 71
4083 71
4084 71
4085 71
4086 71
4087 71
4088 71
4089 71
4090 71
4091 71
4092 71
4093 71
4094 71
4095 71
4096 71
4097 71
4098 71
4099 71
4100 71
4101 71
4102 71
4103 71
4104 71
4105 71
4106 71
4107 71
4108 71
4109 71
4110 71
4111 71
4112 71
4113 71
4114 71
4115 71
4116 71
4117 71
4118 71
4119 71
4120 71
4121 71
4122 71
4123 71
4124 71
4125 71
4126 71
4127 71
4128 71
4129 71
4130 71
4131 71
4132 71
4133 71
4134 71
4135 71
4136 71
4137 72
4138 72
4139 72
4140 72
4141 72
4142 72
4143 72
4144 72
4145 72
4146 72
4147 72
4148 72
4149 72
4150 72
4151 72
4152 72
4153 72
4154 72
4155 72
4156 72
4157 72
4158 72
4159 72
4160 72
4161 72
4162 72
4163 72
4164 72
4165 72
4166 72
4167 72
4168 72
4169 72
4170 72
4171 72
4172 72
4173 72
4174 72
4175 72
4176 72
4177 72
4178 72
4179 72
4180 72
4181 72
4182 72
4183 72
4184 72
4185 72
4186 72
4187 72
4188 72
4189 72
4190 72
4191 72
4192 72
4193 72
4194 72
4195 72
4196 72
4197 73
4198 73
4199 73
4200 73
4201 73
4202 73
4203 73
4204 73
4205 73
4206 73
4207 73
4208 73
4209 73
4210 73
4211 73
4212 73
4213 73
4214 73
4215 73
4216 73
4217 73
4218 73
4219 73
4220 73
4221 73
4222 73
4223 73
4224 73
4225 73
4226 73
4227 73
4228 73
4229 73
4230 73
4231 73
4232 73
4233 73
4234 73
4235 73
4236 73
4237 73
4238 73
4239 73
4240 73
4241 73
4242 73
4243 73
4244 73
4245 73
4246 73
4247 73
4248 73
4249 73
4250 73
4251 73
4252 73
4253 73
4254 73
4255 73
4256 73
4257 74
4258 74
4259 74
4260 74
4261 74
4262 74
4263 74
4264 74
4265 74
4266 74
4267 74
4268 74
4269 74
4270 74
4271 74
4272 74
4273 74
4274 74
4275 74
4276 74
4277 74
4278 74
4279 74
4280 74
4281 74
4282 74
4283 74
4284 74
4285 74
4286 74
4287 74
4288 74
4289 74
4290 74
4291 74
4292 74
4293 74
4294 74
4295 74
4296 74
4297 74
4298 74
4299 74
4300 74
4301 74
4302 74
4303 74
4304 74
4305 74
4306 74
4307 74
4308 74
4309 74
4310 74
4311 74
4312 74
4313 74
4314 74
4315 74
4316 74
4317 75
4318 75
4319 75
4320 75
4321 75
4322 75
4323 75
4324 75
4325 75
4326 75
4327 75
4328 75
4329 75
4330 75
4331 75
4332 75
4333 75
4334 75
4335 75
4336 75
4337 75
4338 75
4339 75
4340 75
4341 75
4342 75
4343 75
4344 75
4345 75
4346 75
4347 75
4348 75
4349 75
4350 75
4351 75
4352 75
4353 75
4354 75
4355 75
4356 75
4357 75
4358 75
4359 75
4360 75
4361 75
4362 75
4363 75
4364 75
4365 75
4366 75
4367 75
4368 75
4369 75
4370 75
4371 75
4372 75
4373 75
4374 76
4375 76
4376 76
4377 76
4378 76
4379 76
4380 76
4381 76
4382 76
4383 76
4384 76
4385 76
4386 76
4387 76
4388 76
4389 76
4390 76
4391 76
4392 76
4393 76
4394 76
4395 76
4396 76
4397 76
4398 76
4399 76
4400 76
4401 76
4402 76
4403 76
4404 76
4405 76
4406 76
4407 76
4408 76
4409 76
4410 76
4411 76
4412 76
4413 76
4414 76
4415 76
4416 76
4417 76
4418 76
4419 76
4420 76
4421 76
4422 76
4423 76
4424 76
4425 76
4426 76
4427 76
4428 76
4429 76
4430 76
4431 76
4432 76
4433 76
4434 77
4435 77
4436 77
4437 77
4438 77
4439 77
4440 77
4441 77
4442 77
4443 77
4444 77
4445 77
4446 77
4447 77
4448 77
4449 77
4450 77
4451 77
4452 77
4453 77
4454 77
4455 77
4456 77
4457 77
4458 77
4459 77
4460 77
4461 77
4462 77
4463 77
4464 77
4465 77
4466 77
4467 77
4468 77
4469 77
4470 77
4471 77
4472 77
4473 77
4474 77
4475 77
4476 77
4477 77
4478 77
4479 77
4480 77
4481 77
4482 77
4483 77
4484 77
4485 77
4486 77
4487 77
4488 77
4489 77
4490 77
4491 77
4492 77
4493 77
4494 78
4495 78
4496 78
4497 78
4498 78
4499 78
4500 78
4501 78
4502 78
4503 78
4504 78
4505 78
4506 78
4507 78
4508 78
4509 78
4510 78
4511 78
4512 78
4513 78
4514 78
4515 78
4516 78
4517 78
4518 78
4519 78
4520 78
4521 78
4522 78
4523 78
4524 78
4525 78
4526 78
4527 78
4528 78
4529 78
4530 78
4531 78
4532 78
4533 78
4534 78
4535 78
4536 78
4537 78
4538 78
4539 78
4540 78
4541 78
4542 78
4543 78
4544 78
4545 78
4546 78
4547 78
4548 78
4549 78
4550 78
4551 78
4552 78
4553 79
4554 79
4555 79
4556 79
4557 79
4558 79
4559 79
4560 79
4561 79
4562 79
4563 79
4564 79
4565 79
4566 79
4567 79
4568 79
4569 79
4570 79
4571 79
4572 79
4573 79
4574 79
4575 79
4576 79
4577 79
4578 79
4579 79
4580 79
4581 79
4582 79
4583 79
4584 79
4585 79
4586 79
4587 79
4588 79
4589 79
4590 79
4591 79
4592 79
4593 79
4594 79
4595 79
4596 79
4597 79
4598 79
4599 79
4600 79
4601 79
4602 79
4603 79
4604 79
4605 79
4606 79
4607 79
4608 79
4609 79
4610 79
4611 79
4612 79
4613 80
4614 80
4615 80
4616 80
4617 80
4618 80
4619 80
4620 80
4621 80
4622 80
4623 80
4624 80
4625 80
4626 80
4627 80
4628 80
4629 80
4630 80
4631 80
4632 80
4633 80
4634 80
4635 80
4636 80
4637 80
4638 80
4639 80
4640 80
4641 80
4642 80
4643 80
4644 80
4645 80
4646 80
4647 80
4648 80
4649 80
4650 80
4651 80
4652 80
4653 80
4654 80
4655 80
4656 80
4657 80
4658 80
4659 80
4660 80
4661 80
4662 80
4663 80
4664 80
4665 80
4666 80
4667 80
4668 80
4669 80
4670 80
4671 80
4672 80
4673 81
4674 81
4675 81
4676 81
4677 81
4678 81
4679 81
4680 81
4681 81
4682 81
4683 81
4684 81
4685 81
4686 81
4687 81
4688 81
4689 81
4690 81
4691 81
4692 81
4693 81
4694 81
4695 81
4696 81
4697 81
4698 81
4699 81
4700 81
4701 81
4702 81
4703 81
4704 81
4705 81
4706 81
4707 81
4708 81
4709 81
4710 81
4711 81
4712 81
4713 81
4714 81
4715 81
4716 81
4717 81
4718 81
4719 81
4720 81
4721 81
4722 81
4723 81
4724 81
4725 81
4726 81
4727 81
4728 81
4729 81
4730 81
4731 81
4732 81
4733 82
4734 82
4735 82
4736 82
4737 82
4738 82
4739 82
4740 82
4741 82
4742 82
4743 82
4744 82
4745 82
4746 82
4747 82
4748 82
4749 82
4750 82
4751 82
4752 82
4753 82
4754 82
4755 82
4756 82
4757 82
4758 82
4759 82
4760 82
4761 82
4762 82
4763 82
4764 82
4765 82
4766 82
4767 82
4768 82
4769 82
4770 82
4771 82
4772 82
4773 82
4774 82
4775 82
4776 82
4777 82
4778 82
4779 82
4780 82
4781 82
4782 82
4783 82
4784 82
4785 82
4786 82
4787 82
4788 82
4789 82
4790 82
4791 82
4792 82
4793 83
4794 83
4795 83
4796 83
4797 83
4798 83
4799 83
4800 83
4801 83
4802 83
4803 83
4804 83
4805 83
4806 83
4807 83
4808 83
4809 83
4810 83
4811 83
4812 83
4813 83
4814 83
4815 83
4816 83
4817 83
4818 83
4819 83
4820 83
4821 83
4822 83
4823 83
4824 83
4825 83
4826 83
4827 83
4828 83
4829 83
4830 83
4831 83
4832 83
4833 83
4834 83
4835 83
4836 83
4837 83
4838 83
4839 83
4840 83
4841 83
4842 83
4843 83
4844 83
4845 83
4846 83
4847 83
4848 83
4849 83
4850 83
4851 83
4852 83
4853 84
4854 84
4855 84
4856 84
4857 84
4858 84
4859 84
4860 84
4861 84
4862 84
4863 84
4864 84
4865 84
4866 84
4867 84
4868 84
4869 84
4870 84
4871 84
4872 84
4873 84
4874 84
4875 84
4876 84
4877 84
4878 84
4879 84
4880 84
4881 84
4882 84
4883 84
4884 84
4885 84
4886 84
4887 84
4888 84
4889 84
4890 84
4891 84
4892 84
4893 84
4894 84
4895 84
4896 84
4897 84
4898 84
4899 84
4900 84
4901 84
4902 84
4903 84
4904 84
4905 84
4906 85
4907 85
4908 85
4909 85
4910 85
4911 85
4912 85
4913 85
4914 85
4915 85
4916 85
4917 85
4918 85
4919 85
4920 85
4921 85
4922 85
4923 85
4924 85
4925 85
4926 85
4927 85
4928 85
4929 85
4930 85
4931 85
4932 85
4933 85
4934 85
4935 85
4936 85
4937 85
4938 85
4939 85
4940 85
4941 85
4942 85
4943 85
4944 85
4945 85
4946 85
4947 85
4948 85
4949 85
4950 85
4951 85
4952 85
4953 85
4954 85
4955 85
4956 85
4957 85
4958 85
4959 85
4960 85
4961 85
4962 85
4963 85
4964 85
4965 85
4966 86
4967 86
4968 86
4969 86
4970 86
4971 86
4972 86
4973 86
4974 86
4975 86
4976 86
4977 86
4978 86
4979 86
4980 86
4981 86
4982 86
4983 86
4984 86
4985 86
4986 86
4987 86
4988 86
4989 86
4990 86
4991 86
4992 86
4993 86
4994 86
4995 86
4996 86
4997 86
4998 86
4999 86
5000 86
5001 86
5002 86
5003 86
5004 86
5005 86
5006 86
5007 86
5008 86
5009 86
5010 86
5011 86
5012 86
5013 86
5014 86
5015 86
5016 86
5017 86
5018 86
5019 86
5020 86
5021 86
5022 86
5023 86
5024 86
5025 86
5026 87
5027 87
5028 87
5029 87
5030 87
5031 87
5032 87
5033 87
5034 87
5035 87
5036 87
5037 87
5038 87
5039 87
5040 87
5041 87
5042 87
5043 87
5044 87
5045 87
5046 87
5047 87
5048 87
5049 87
5050 87
5051 87
5052 87
5053 87
5054 87
5055 87
5056 87
5057 87
5058 87
5059 87
5060 87
5061 87
5062 87
5063 87
5064 87
5065 87
5066 87
5067 87
5068 87
5069 87
5070 87
5071 87
5072 87
5073 87
5074 87
5075 87
5076 87
5077 87
5078 87
5079 87
5080 87
5081 87
5082 87
5083 87
5084 87
5085 87
5086 88
5087 88
5088 88
5089 88
5090 88
5091 88
5092 88
5093 88
5094 88
5095 88
5096 88
5097 88
5098 88
5099 88
5100 88
5101 88
5102 88
5103 88
5104 88
5105 88
5106 88
5107 88
5108 88
5109 88
5110 88
5111 88
5112 88
5113 88
5114 88
5115 88
5116 88
5117 88
5118 88
5119 88
5120 88
5121 88
5122 88
5123 88
5124 88
5125 88
5126 88
5127 88
5128 88
5129 88
5130 88
5131 88
5132 88
5133 88
5134 88
5135 88
5136 88
5137 88
5138 88
5139 88
5140 88
5141 88
5142 88
5143 88
5144 88
5145 88
5146 89
5147 89
5148 89
5149 89
5150 89
5151 89
5152 89
5153 89
5154 89
5155 89
5156 89
5157 89
5158 89
5159 89
5160 89
5161 89
5162 89
5163 89
5164 89
5165 89
5166 89
5167 89
5168 89
5169 89
5170 89
5171 89
5172 89
5173 89
5174 89
5175 89
5176 89
5177 89
5178 89
5179 89
5180 89
5181 89
5182 89
5183 89
5184 89
5185 89
5186 89
5187 89
5188 89
5189 89
5190 89
5191 89
5192 89
5193 89
5194 89
5195 89
5196 89
5197 89
5198 89
5199 89
5200 89
5201 89
5202 89
5203 89
5204 89
5205 89
5206 90
5207 90
5208 90
5209 90
5210 90
5211 90
5212 90
5213 90
5214 90
5215 90
5216 90
5217 90
5218 90
5219 90
5220 90
5221 90
5222 90
5223 90
5224 90
5225 90
5226 90
5227 90
5228 90
5229 90
5230 90
5231 90
5232 90
5233 90
5234 90
5235 90
5236 90
5237 90
5238 90
5239 90
5240 90
5241 90
5242 90
5243 90
5244 90
5245 90
5246 90
5247 90
5248 90
5249 90
5250 90
5251 90
5252 90
5253 90
5254 90
5255 90
5256 90
5257 90
5258 90
5259 90
5260 90
5261 90
5262 90
5263 90
5264 90
5265 90
5266 91
5267 91
5268 91
5269 91
5270 91
5271 91
5272 91
5273 91
5274 91
5275 91
5276 91
5277 91
5278 91
5279 91
5280 91
5281 91
5282 91
5283 91
5284 91
5285 91
5286 91
5287 91
5288 91
5289 91
5290 91
5291 91
5292 91
5293 91
5294 91
5295 91
5296 91
5297 91
5298 91
5299 91
5300 91
5301 91
5302 91
5303 91
5304 91
5305 91
5306 91
5307 91
5308 91
5309 91
5310 91
5311 91
5312 91
5313 91
5314 91
5315 91
5316 91
5317 91
5318 91
5319 91
5320 91
5321 91
5322 91
5323 91
5324 91
5325 91
5326 92
5327 92
5328 92
5329 92
5330 92
5331 92
5332 92
5333 92
5334 92
5335 92
5336 92
5337 92
5338 92
5339 92
5340 92
5341 92
5342 92
5343 92
5344 92
5345 92
5346 92
5347 92
5348 92
5349 92
5350 92
5351 92
5352 92
5353 92
5354 92
5355 92
5356 92
5357 92
5358 92
5359 92
5360 92
5361 92
5362 92
5363 92
5364 92
5365 92
5366 92
5367 92
5368 92
5369 92
5370 92
5371 92
5372 92
5373 92
5374 92
5375 92
5376 92
5377 92
5378 92
5379 92
5380 92
5381 92
5382 92
5383 92
5384 92
5385 92
5386 93
5387 93
5388 93
5389 93
5390 93
5391 93
5392 93
5393 93
5394 93
5395 93
5396 93
5397 93
5398 93
5399 93
5400 93
5401 93
5402 93
5403 93
5404 93
5405 93
5406 93
5407 93
5408 93
5409 93
5410 93
5411 93
5412 93
5413 93
5414 93
5415 93
5416 93
5417 93
5418 93
5419 93
5420 93
5421 93
5422 93
5423 93
5424 93
5425 93
5426 93
5427 93
5428 93
5429 93
5430 93
5431 93
5432 93
5433 93
5434 93
5435 93
5436 93
5437 93
5438 93
5439 93
5440 93
5441 93
5442 93
5443 93
5444 93
5445 93
5446 94
5447 94
5448 94
5449 94
5450 94
5451 94
5452 94
5453 94
5454 94
5455 94
5456 94
5457 94
5458 94
5459 94
5460 94
5461 94
5462 94
5463 94
5464 94
5465 94
5466 94
5467 94
5468 94
5469 94
5470 94
5471 94
5472 94
5473 94
5474 94
5475 94
5476 94
5477 94
5478 94
5479 94
5480 94
5481 94
5482 94
5483 94
5484 94
5485 94
5486 94
5487 94
5488 94
5489 94
5490 94
5491 94
5492 94
5493 94
5494 94
5495 94
5496 94
5497 94
5498 94
5499 94
5500 94
5501 94
5502 94
5503 94
5504 94
5505 94
5506 95
5507 95
5508 95
5509 95
5510 95
5511 95
5512 95
5513 95
5514 95
5515 95
5516 95
5517 95
5518 95
5519 95
5520 95
5521 95
5522 95
5523 95
5524 95
5525 95
5526 95
5527 95
5528 95
5529 95
5530 95
5531 95
5532 95
5533 95
5534 95
5535 95
5536 95
5537 95
5538 95
5539 95
5540 95
5541 95
5542 95
5543 95
5544 95
5545 95
5546 95
5547 95
5548 95
5549 95
5550 95
5551 95
5552 95
5553 95
5554 95
5555 95
5556 95
5557 95
5558 95
5559 95
5560 95
5561 95
5562 95
5563 95
5564 95
5565 95
5566 96
5567 96
5568 96
5569 96
5570 96
5571 96
5572 96
5573 96
5574 96
5575 96
5576 96
5577 96
5578 96
5579 96
5580 96
5581 96
5582 96
5583 96
5584 96
5585 96
5586 96
5587 96
5588 96
5589 96
5590 96
5591 96
5592 96
5593 96
5594 96
5595 96
5596 96
5597 96
5598 96
5599 96
5600 96
5601 96
5602 96
5603 96
5604 96
5605 96
5606 96
5607 96
5608 96
5609 96
5610 96
5611 96
5612 96
5613 96
5614 96
5615 96
5616 96
5617 96
5618 96
5619 96
5620 96
5621 96
5622 96
5623 96
5624 96
5625 96
5626 97
5627 97
5628 97
5629 97
5630 97
5631 97
5632 97
5633 97
5634 97
5635 97
5636 97
5637 97
5638 97
5639 97
5640 97
5641 97
5642 97
5643 97
5644 97
5645 97
5646 97
5647 97
5648 97
5649 97
5650 97
5651 97
5652 97
5653 97
5654 97
5655 97
5656 97
5657 97
5658 97
5659 97
5660 97
5661 97
5662 97
5663 97
5664 97
5665 97
5666 97
5667 97
5668 97
5669 97
5670 97
5671 97
5672 97
5673 97
5674 97
5675 97
5676 97
5677 97
5678 97
5679 97
5680 97
5681 97
5682 97
5683 97
5684 97
5685 98
5686 98
5687 98
5688 98
5689 98
5690 98
5691 98
5692 98
5693 98
5694 98
5695 98
5696 98
5697 98
5698 98
5699 98
5700 98
5701 98
5702 98
5703 98
5704 98
5705 98
5706 98
5707 98
5708 98
5709 98
5710 98
5711 98
5712 98
5713 98
5714 98
5715 98
5716 98
5717 98
5718 98
5719 98
5720 98
5721 98
5722 98
5723 98
5724 98
5725 98
5726 98
5727 98
5728 98
5729 98
5730 98
5731 98
5732 98
5733 98
5734 98
5735 98
5736 98
5737 98
5738 98
5739 98
5740 98
5741 98
5742 98
5743 98
5744 98
5745 99
5746 99
5747 99
5748 99
5749 99
5750 99
5751 99
5752 99
5753 99
5754 99
5755 99
5756 99
5757 99
5758 99
5759 99
5760 99
5761 99
5762 99
5763 99
5764 99
5765 99
5766 99
5767 99
5768 99
5769 99
5770 99
5771 99
5772 99
5773 99
5774 99
5775 99
5776 99
5777 99
5778 99
5779 99
5780 99
5781 99
5782 99
5783 99
5784 99
5785 99
5786 99
5787 99
5788 99
5789 99
5790 99
5791 99
5792 99
5793 99
5794 99
5795 99
5796 99
5797 99
5798 99
5799 99
5800 99
5801 99
5802 99
5803 99
5804 99
5805 100
5806 100
5807 100
5808 100
5809 100
5810 100
5811 100
5812 100
5813 100
5814 100
5815 100
5816 100
5817 100
5818 100
5819 100
5820 100
5821 100
5822 100
5823 100
5824 100
5825 100
5826 100
5827 100
5828 100
5829 100
5830 100
5831 100
5832 100
5833 100
5834 100
5835 100
5836 100
5837 100
5838 100
5839 100
5840 100
5841 100
5842 100
5843 100
5844 100
5845 100
5846 100
5847 100
5848 100
5849 100
5850 100
5851 100
5852 100
5853 100
5854 100
5855 100
5856 100
5857 100
5858 100
5859 100
5860 100
5861 100
5862 100
5863 100
5864 100
