5865 101
5866 101
5867 101
5868 101
5869 101
5870 101
5871 101
5872 101
5873 101
5874 101
5875 101
5876 101
5877 101
5878 101
5879 101
5880 101
5881 101
5882 101
5883 101
5884 101
5885 101
5886 101
5887 101
5888 101
5889 101
5890 101
5891 101
5892 101
5893 101
5894 101
5895 101
5896 101
5897 101
5898 101
5899 101
5900 101
5901 101
5902 101
5903 101
5904 101
5905 101
5906 101
5907 101
5908 101
5909 101
5910 101
5911 101
5912 101
5913 101
5914 101
5915 102
5916 102
5917 102
5918 102
5919 102
5920 102
5921 102
5922 102
5923 102
5924 102
5925 102
5926 102
5927 102
5928 102
5929 102
5930 102
5931 102
5932 102
5933 102
5934 102
5935 102
5936 102
5937 102
5938 102
5939 102
5940 102
5941 102
5942 102
5943 102
5944 102
5945 102
5946 102
5947 102
5948 102
5949 102
5950 102
5951 102
5952 102
5953 102
5954 102
5955 102
5956 102
5957 102
5958 102
5959 102
5960 102
5961 102
5962 102
5963 102
5964 102
5965 102
5966 102
5967 102
5968 102
5969 102
5970 102
5971 102
5972 102
5973 102
5974 102
5975 103
5976 103
5977 103
5978 103
5979 103
5980 103
5981 103
5982 103
5983 103
5984 103
5985 103
5986 103
5987 103
5988 103
5989 103
5990 103
5991 103
5992 103
5993 103
5994 103
5995 103
5996 103
5997 103
5998 103
5999 103
6000 103
6001 103
6002 103
6003 103
6004 103
6005 103
6006 103
6007 103
6008 103
6009 103
6010 103
6011 103
6012 103
6013 103
6014 103
6015 103
6016 103
6017 103
6018 103
6019 103
6020 103
6021 103
6022 103
6023 103
6024 103
6025 103
6026 103
6027 103
6028 103
6029 103
6030 103
6031 103
6032 103
6033 103
6034 103
6035 104
6036 104
6037 104
6038 104
6039 104
6040 104
6041 104
6042 104
6043 104
6044 104
6045 104
6046 104
6047 104
6048 104
6049 104
6050 104
6051 104
6052 104
6053 104
6054 104
6055 104
6056 104
6057 104
6058 104
6059 104
6060 104
6061 104
6062 104
6063 104
6064 104
6065 104
6066 104
6067 104
6068 104
6069 104
6070 104
6071 104
6072 104
6073 104
6074 104
6075 104
6076 104
6077 104
6078 104
6079 104
6080 104
6081 104
6082 104
6083 104
6084 104
6085 104
6086 104
6087 104
6088 104
6089 104
6090 104
6091 104
6092 104
6093 104
6094 104
6095 105
6096 105
6097 105
6098 105
6099 105
6100 105
6101 105
6102 105
6103 105
6104 105
6105 105
6106 105
6107 105
6108 105
6109 105
6110 105
6111 105
6112 105
6113 105
6114 105
6115 105
6116 105
6117 105
6118 105
6119 105
6120 105
6121 105
6122 105
6123 105
6124 105
6125 105
6126 105
6127 105
6128 105
6129 105
6130 105
6131 105
6132 105
6133 105
6134 105
6135 105
6136 105
6137 105
6138 105
6139 105
6140 105
6141 105
6142 105
6143 105
6144 106
6145 106
6146 106
6147 106
6148 106
6149 106
6150 106
6151 106
6152 106
6153 106
6154 106
6155 106
6156 106
6157 106
6158 106
6159 106
6160 106
6161 106
6162 106
6163 106
6164 106
6165 106
6166 106
6167 106
6168 106
6169 106
6170 106
6171 106
6172 106
6173 106
6174 106
6175 106
6176 106
6177 106
6178 106
6179 106
6180 106
6181 106
6182 106
6183 106
6184 106
6185 106
6186 106
6187 106
6188 106
6189 106
6190 106
6191 106
6192 106
6193 106
6194 106
6195 106
6196 106
6197 106
6198 106
6199 106
6200 106
6201 106
6202 106
6203 106
6204 107
6205 107
6206 107
6207 107
6208 107
6209 107
6210 107
6211 107
6212 107
6213 107
6214 107
6215 107
6216 107
6217 107
6218 107
6219 107
6220 107
6221 107
6222 107
6223 107
6224 107
6225 107
6226 107
6227 107
6228 107
6229 107
6230 107
6231 107
6232 107
6233 107
6234 107
6235 107
6236 107
6237 107
6238 107
6239 107
6240 107
6241 107
6242 107
6243 107
6244 107
6245 107
6246 107
6247 107
6248 107
6249 107
6250 107
6251 107
6252 107
6253 107
6254 107
6255 107
6256 107
6257 107
6258 107
6259 107
6260 107
6261 107
6262 107
6263 108
6264 108
6265 108
6266 108
6267 108
6268 108
6269 108
6270 108
6271 108
6272 108
6273 108
6274 108
6275 108
6276 108
6277 108
6278 108
6279 108
6280 108
6281 108
6282 108
6283 108
6284 108
6285 108
6286 108
6287 108
6288 108
6289 108
6290 108
6291 108
6292 108
6293 108
6294 108
6295 108
6296 108
6297 108
6298 108
6299 108
6300 108
6301 108
6302 108
6303 108
6304 108
6305 108
6306 108
6307 108
6308 108
6309 108
6310 108
6311 108
6312 108
6313 108
6314 108
6315 108
6316 108
6317 108
6318 108
6319 108
6320 108
6321 108
6322 108
6323 109
6324 109
6325 109
6326 109
6327 109
6328 109
6329 109
6330 109
6331 109
6332 109
6333 109
6334 109
6335 109
6336 109
6337 109
6338 109
6339 109
6340 109
6341 109
6342 109
6343 109
6344 109
6345 109
6346 109
6347 109
6348 109
6349 109
6350 109
6351 109
6352 109
6353 109
6354 109
6355 109
6356 109
6357 109
6358 109
6359 109
6360 109
6361 109
6362 109
6363 109
6364 109
6365 109
6366 109
6367 109
6368 109
6369 109
6370 109
6371 109
6372 109
6373 109
6374 109
6375 109
6376 109
6377 109
6378 109
6379 109
6380 109
6381 109
6382 109
6383 110
6384 110
6385 110
6386 110
6387 110
6388 110
6389 110
6390 110
6391 110
6392 110
6393 110
6394 110
6395 110
6396 110
6397 110
6398 110
6399 110
6400 110
6401 110
6402 110
6403 110
6404 110
6405 110
6406 110
6407 110
6408 110
6409 110
6410 110
6411 110
6412 110
6413 110
6414 110
6415 110
6416 110
6417 110
6418 110
6419 110
6420 110
6421 110
6422 110
6423 110
6424 110
6425 110
6426 110
6427 110
6428 110
6429 110
6430 110
6431 110
6432 110
6433 110
6434 110
6435 110
6436 110
6437 110
6438 110
6439 110
6440 110
6441 110
6442 110
6443 111
6444 111
6445 111
6446 111
6447 111
6448 111
6449 111
6450 111
6451 111
6452 111
6453 111
6454 111
6455 111
6456 111
6457 111
6458 111
6459 111
6460 111
6461 111
6462 111
6463 111
6464 111
6465 111
6466 111
6467 111
6468 111
6469 111
6470 111
6471 111
6472 111
6473 111
6474 111
6475 111
6476 111
6477 111
6478 111
6479 111
6480 111
6481 111
6482 111
6483 111
6484 111
6485 111
6486 111
6487 111
6488 111
6489 111
6490 111
6491 111
6492 111
6493 111
6494 111
6495 111
6496 111
6497 111
6498 111
6499 111
6500 111
6501 111
6502 111
6503 112
6504 112
6505 112
6506 112
6507 112
6508 112
6509 112
6510 112
6511 112
6512 112
6513 112
6514 112
6515 112
6516 112
6517 112
6518 112
6519 112
6520 112
6521 112
6522 112
6523 112
6524 112
6525 112
6526 112
6527 112
6528 112
6529 112
6530 112
6531 112
6532 112
6533 112
6534 112
6535 112
6536 112
6537 112
6538 112
6539 112
6540 112
6541 112
6542 112
6543 112
6544 112
6545 112
6546 112
6547 112
6548 112
6549 112
6550 112
6551 112
6552 112
6553 112
6554 112
6555 112
6556 112
6557 112
6558 112
6559 112
6560 112
6561 112
6562 112
6563 113
6564 113
6565 113
6566 113
6567 113
6568 113
6569 113
6570 113
6571 113
6572 113
6573 113
6574 113
6575 113
6576 113
6577 113
6578 113
6579 113
6580 113
6581 113
6582 113
6583 113
6584 113
6585 113
6586 113
6587 113
6588 113
6589 113
6590 113
6591 113
6592 113
6593 113
6594 113
6595 113
6596 113
6597 113
6598 113
6599 113
6600 113
6601 113
6602 113
6603 113
6604 113
6605 113
6606 113
6607 113
6608 113
6609 113
6610 113
6611 113
6612 113
6613 114
6614 114
6615 114
6616 114
6617 114
6618 114
6619 114
6620 114
6621 114
6622 114
6623 114
6624 114
6625 114
6626 114
6627 114
6628 114
6629 114
6630 114
6631 114
6632 114
6633 114
6634 114
6635 114
6636 114
6637 114
6638 114
6639 114
6640 114
6641 114
6642 114
6643 114
6644 114
6645 114
6646 114
6647 114
6648 114
6649 114
6650 114
6651 114
6652 114
6653 114
6654 114
6655 114
6656 114
6657 114
6658 114
6659 114
6660 114
6661 114
6662 114
6663 114
6664 114
6665 114
6666 114
6667 114
6668 114
6669 114
6670 114
6671 114
6672 114
6673 115
6674 115
6675 115
6676 115
6677 115
6678 115
6679 115
6680 115
6681 115
6682 115
6683 115
6684 115
6685 115
6686 115
6687 115
6688 115
6689 115
6690 115
6691 115
6692 115
6693 115
6694 115
6695 115
6696 115
6697 115
6698 115
6699 115
6700 115
6701 115
6702 115
6703 115
6704 115
6705 115
6706 115
6707 115
6708 115
6709 115
6710 115
6711 115
6712 115
6713 115
6714 115
6715 115
6716 115
6717 115
6718 115
6719 115
6720 115
6721 115
6722 115
6723 115
6724 115
6725 115
6726 115
6727 115
6728 115
6729 115
6730 115
6731 115
6732 116
6733 116
6734 116
6735 116
6736 116
6737 116
6738 116
6739 116
6740 116
6741 116
6742 116
6743 116
6744 116
6745 116
6746 116
6747 116
6748 116
6749 116
6750 116
6751 116
6752 116
6753 116
6754 116
6755 116
6756 116
6757 116
6758 116
6759 116
6760 116
6761 116
6762 116
6763 116
6764 116
6765 116
6766 116
6767 116
6768 116
6769 116
6770 116
6771 116
6772 116
6773 116
6774 116
6775 116
6776 116
6777 116
6778 116
6779 116
6780 116
6781 116
6782 116
6783 116
6784 116
6785 116
6786 116
6787 116
6788 116
6789 116
6790 116
6791 116
6792 117
6793 117
6794 117
6795 117
6796 117
6797 117
6798 117
6799 117
6800 117
6801 117
6802 117
6803 117
6804 117
6805 117
6806 117
6807 117
6808 117
6809 117
6810 117
6811 117
6812 117
6813 117
6814 117
6815 117
6816 117
6817 117
6818 117
6819 117
6820 117
6821 117
6822 117
6823 117
6824 117
6825 117
6826 117
6827 117
6828 117
6829 117
6830 117
6831 117
6832 117
6833 117
6834 117
6835 117
6836 117
6837 117
6838 117
6839 117
6840 117
6841 117
6842 117
6843 117
6844 117
6845 117
6846 117
6847 117
6848 117
6849 117
6850 117
6851 118
6852 118
6853 118
6854 118
6855 118
6856 118
6857 118
6858 118
6859 118
6860 118
6861 118
6862 118
6863 118
6864 118
6865 118
6866 118
6867 118
6868 118
6869 118
6870 118
6871 118
6872 118
6873 118
6874 118
6875 118
6876 118
6877 118
6878 118
6879 118
6880 118
6881 118
6882 118
6883 118
6884 118
6885 118
6886 118
6887 118
6888 118
6889 118
6890 118
6891 118
6892 118
6893 118
6894 118
6895 118
6896 118
6897 118
6898 118
6899 118
6900 118
6901 118
6902 118
6903 118
6904 118
6905 118
6906 118
6907 118
6908 118
6909 118
6910 118
6911 119
6912 119
6913 119
6914 119
6915 119
6916 119
6917 119
6918 119
6919 119
6920 119
6921 119
6922 119
6923 119
6924 119
6925 119
6926 119
6927 119
6928 119
6929 119
6930 119
6931 119
6932 119
6933 119
6934 119
6935 119
6936 119
6937 119
6938 119
6939 119
6940 119
6941 119
6942 119
6943 119
6944 119
6945 119
6946 119
6947 119
6948 119
6949 119
6950 119
6951 119
6952 119
6953 119
6954 119
6955 119
6956 119
6957 119
6958 119
6959 119
6960 119
6961 119
6962 119
6963 119
6964 119
6965 119
6966 119
6967 119
6968 119
6969 119
6970 120
6971 120
6972 120
6973 120
6974 120
6975 120
6976 120
6977 120
6978 120
6979 120
6980 120
6981 120
6982 120
6983 120
6984 120
6985 120
6986 120
6987 120
6988 120
6989 120
6990 120
6991 120
6992 120
6993 120
6994 120
6995 120
6996 120
6997 120
6998 120
6999 120
7000 120
7001 120
7002 120
7003 120
7004 120
7005 120
7006 120
7007 120
7008 120
7009 120
7010 120
7011 120
7012 120
7013 120
7014 120
7015 120
7016 120
7017 120
7018 120
7019 120
7020 120
7021 120
7022 120
7023 120
7024 120
7025 120
7026 120
7027 120
7028 120
7029 120
7030 121
7031 121
7032 121
7033 121
7034 121
7035 121
7036 121
7037 121
7038 121
7039 121
7040 121
7041 121
7042 121
7043 121
7044 121
7045 121
7046 121
7047 121
7048 121
7049 121
7050 121
7051 121
7052 121
7053 121
7054 121
7055 121
7056 121
7057 121
7058 121
7059 121
7060 121
7061 121
7062 121
7063 121
7064 121
7065 121
7066 121
7067 121
7068 121
7069 121
7070 121
7071 121
7072 121
7073 121
7074 121
7075 121
7076 121
7077 121
7078 121
7079 121
7080 121
7081 121
7082 121
7083 121
7084 121
7085 121
7086 121
7087 121
7088 121
7089 121
7090 122
7091 122
7092 122
7093 122
7094 122
7095 122
7096 122
7097 122
7098 122
7099 122
7100 122
7101 122
7102 122
7103 122
7104 122
7105 122
7106 122
7107 122
7108 122
7109 122
7110 122
7111 122
7112 122
7113 122
7114 122
7115 122
7116 122
7117 122
7118 122
7119 122
7120 122
7121 122
7122 122
7123 122
7124 122
7125 122
7126 122
7127 122
7128 122
7129 122
7130 122
7131 122
7132 122
7133 122
7134 122
7135 122
7136 122
7137 122
7138 122
7139 122
7140 122
7141 122
7142 122
7143 122
7144 122
7145 122
7146 122
7147 122
7148 122
7149 122
7150 123
7151 123
7152 123
7153 123
7154 123
7155 123
7156 123
7157 123
7158 123
7159 123
7160 123
7161 123
7162 123
7163 123
7164 123
7165 123
7166 123
7167 123
7168 123
7169 123
7170 123
7171 123
7172 123
7173 123
7174 123
7175 123
7176 123
7177 123
7178 123
7179 123
7180 123
7181 123
7182 123
7183 123
7184 123
7185 123
7186 123
7187 123
7188 123
7189 123
7190 123
7191 123
7192 123
7193 123
7194 123
7195 123
7196 123
7197 123
7198 123
7199 123
7200 123
7201 123
7202 123
7203 123
7204 123
7205 123
7206 123
7207 123
7208 123
7209 123
7210 124
7211 124
7212 124
7213 124
7214 124
7215 124
7216 124
7217 124
7218 124
7219 124
7220 124
7221 124
7222 124
7223 124
7224 124
7225 124
7226 124
7227 124
7228 124
7229 124
7230 124
7231 124
7232 124
7233 124
7234 124
7235 124
7236 124
7237 124
7238 124
7239 124
7240 124
7241 124
7242 124
7243 124
7244 124
7245 124
7246 124
7247 124
7248 124
7249 124
7250 124
7251 124
7252 124
7253 124
7254 124
7255 124
7256 124
7257 124
7258 124
7259 124
7260 124
7261 124
7262 124
7263 124
7264 124
7265 124
7266 124
7267 124
7268 124
7269 125
7270 125
7271 125
7272 125
7273 125
7274 125
7275 125
7276 125
7277 125
7278 125
7279 125
7280 125
7281 125
7282 125
7283 125
7284 125
7285 125
7286 125
7287 125
7288 125
7289 125
7290 125
7291 125
7292 125
7293 125
7294 125
7295 125
7296 125
7297 125
7298 125
7299 125
7300 125
7301 125
7302 125
7303 125
7304 125
7305 125
7306 125
7307 125
7308 125
7309 125
7310 125
7311 125
7312 125
7313 125
7314 125
7315 125
7316 125
7317 125
7318 125
7319 125
7320 125
7321 125
7322 125
7323 125
7324 125
7325 125
7326 125
7327 125
7328 126
7329 126
7330 126
7331 126
7332 126
7333 126
7334 126
7335 126
7336 126
7337 126
7338 126
7339 126
7340 126
7341 126
7342 126
7343 126
7344 126
7345 126
7346 126
7347 126
7348 126
7349 126
7350 126
7351 126
7352 126
7353 126
7354 126
7355 126
7356 126
7357 126
7358 126
7359 126
7360 126
7361 126
7362 126
7363 126
7364 126
7365 126
7366 126
7367 126
7368 126
7369 126
7370 126
7371 126
7372 126
7373 126
7374 126
7375 126
7376 126
7377 126
7378 126
7379 126
7380 126
7381 126
7382 126
7383 126
7384 126
7385 126
7386 126
7387 127
7388 127
7389 127
7390 127
7391 127
7392 127
7393 127
7394 127
7395 127
7396 127
7397 127
7398 127
7399 127
7400 127
7401 127
7402 127
7403 127
7404 127
7405 127
7406 127
7407 127
7408 127
7409 127
7410 127
7411 127
7412 127
7413 127
7414 127
7415 127
7416 127
7417 127
7418 127
7419 127
7420 127
7421 127
7422 127
7423 127
7424 127
7425 127
7426 127
7427 127
7428 127
7429 127
7430 127
7431 127
7432 127
7433 127
7434 127
7435 127
7436 127
7437 127
7438 127
7439 127
7440 127
7441 127
7442 127
7443 127
7444 127
7445 127
7446 127
7447 128
7448 128
7449 128
7450 128
7451 128
7452 128
7453 128
7454 128
7455 128
7456 128
7457 128
7458 128
7459 128
7460 128
7461 128
7462 128
7463 128
7464 128
7465 128
7466 128
7467 128
7468 128
7469 128
7470 128
7471 128
7472 128
7473 128
7474 128
7475 128
7476 128
7477 128
7478 128
7479 128
7480 128
7481 128
7482 128
7483 128
7484 128
7485 128
7486 128
7487 128
7488 128
7489 128
7490 128
7491 128
7492 128
7493 128
7494 128
7495 128
7496 128
7497 128
7498 128
7499 128
7500 128
7501 128
7502 128
7503 128
7504 128
7505 128
7506 128
7507 129
7508 129
7509 129
7510 129
7511 129
7512 129
7513 129
7514 129
7515 129
7516 129
7517 129
7518 129
7519 129
7520 129
7521 129
7522 129
7523 129
7524 129
7525 129
7526 129
7527 129
7528 129
7529 129
7530 129
7531 129
7532 129
7533 129
7534 129
7535 129
7536 129
7537 129
7538 129
7539 129
7540 129
7541 129
7542 129
7543 129
7544 129
7545 129
7546 129
7547 129
7548 129
7549 129
7550 129
7551 129
7552 129
7553 129
7554 129
7555 129
7556 129
7557 129
7558 129
7559 129
7560 129
7561 129
7562 129
7563 129
7564 129
7565 129
7566 129
7567 130
7568 130
7569 130
7570 130
7571 130
7572 130
7573 130
7574 130
7575 130
7576 130
7577 130
7578 130
7579 130
7580 130
7581 130
7582 130
7583 130
7584 130
7585 130
7586 130
7587 130
7588 130
7589 130
7590 130
7591 130
7592 130
7593 130
7594 130
7595 130
7596 130
7597 130
7598 130
7599 130
7600 130
7601 130
7602 130
7603 130
7604 130
7605 130
7606 130
7607 130
7608 130
7609 130
7610 130
7611 130
7612 130
7613 130
7614 130
7615 130
7616 130
7617 130
7618 130
7619 130
7620 130
7621 130
7622 130
7623 130
7624 130
7625 130
7626 130
7627 131
7628 131
7629 131
7630 131
7631 131
7632 131
7633 131
7634 131
7635 131
7636 131
7637 131
7638 131
7639 131
7640 131
7641 131
7642 131
7643 131
7644 131
7645 131
7646 131
7647 131
7648 131
7649 131
7650 131
7651 131
7652 131
7653 131
7654 131
7655 131
7656 131
7657 131
7658 131
7659 131
7660 131
7661 131
7662 131
7663 131
7664 131
7665 131
7666 131
7667 131
7668 131
7669 131
7670 131
7671 131
7672 131
7673 131
7674 131
7675 131
7676 131
7677 131
7678 131
7679 131
7680 131
7681 131
7682 131
7683 131
7684 131
7685 131
7686 131
7687 132
7688 132
7689 132
7690 132
7691 132
7692 132
7693 132
7694 132
7695 132
7696 132
7697 132
7698 132
7699 132
7700 132
7701 132
7702 132
7703 132
7704 132
7705 132
7706 132
7707 132
7708 132
7709 132
7710 132
7711 132
7712 132
7713 132
7714 132
7715 132
7716 132
7717 132
7718 132
7719 132
7720 132
7721 132
7722 132
7723 132
7724 132
7725 132
7726 132
7727 132
7728 132
7729 132
7730 132
7731 132
7732 132
7733 132
7734 132
7735 132
7736 132
7737 132
7738 132
7739 132
7740 132
7741 132
7742 132
7743 132
7744 132
7745 132
7746 132
7747 133
7748 133
7749 133
7750 133
7751 133
7752 133
7753 133
7754 133
7755 133
7756 133
7757 133
7758 133
7759 133
7760 133
7761 133
7762 133
7763 133
7764 133
7765 133
7766 133
7767 133
7768 133
7769 133
7770 133
7771 133
7772 133
7773 133
7774 133
7775 133
7776 133
7777 133
7778 133
7779 133
7780 133
7781 133
7782 133
7783 133
7784 133
7785 133
7786 133
7787 133
7788 133
7789 133
7790 133
7791 133
7792 133
7793 133
7794 133
7795 133
7796 133
7797 133
7798 133
7799 133
7800 133
7801 133
7802 133
7803 133
7804 133
7805 133
7806 133
7807 134
7808 134
7809 134
7810 134
7811 134
7812 134
7813 134
7814 134
7815 134
7816 134
7817 134
7818 134
7819 134
7820 134
7821 134
7822 134
7823 134
7824 134
7825 134
7826 134
7827 134
7828 134
7829 134
7830 134
7831 134
7832 134
7833 134
7834 134
7835 134
7836 134
7837 134
7838 134
7839 134
7840 134
7841 134
7842 134
7843 134
7844 134
7845 134
7846 134
7847 134
7848 134
7849 134
7850 134
7851 134
7852 134
7853 134
7854 134
7855 134
7856 134
7857 134
7858 134
7859 134
7860 134
7861 134
7862 134
7863 134
7864 134
7865 134
7866 134
7867 135
7868 135
7869 135
7870 135
7871 135
7872 135
7873 135
7874 135
7875 135
7876 135
7877 135
7878 135
7879 135
7880 135
7881 135
7882 135
7883 135
7884 135
7885 135
7886 135
7887 135
7888 135
7889 135
7890 135
7891 135
7892 135
7893 135
7894 135
7895 135
7896 135
7897 135
7898 135
7899 135
7900 135
7901 135
7902 135
7903 135
7904 135
7905 135
7906 135
7907 135
7908 135
7909 135
7910 135
7911 135
7912 135
7913 135
7914 135
7915 135
7916 135
7917 135
7918 135
7919 135
7920 135
7921 135
7922 135
7923 135
7924 135
7925 135
7926 136
7927 136
7928 136
7929 136
7930 136
7931 136
7932 136
7933 136
7934 136
7935 136
7936 136
7937 136
7938 136
7939 136
7940 136
7941 136
7942 136
7943 136
7944 136
7945 136
7946 136
7947 136
7948 136
7949 136
7950 136
7951 136
7952 136
7953 136
7954 136
7955 136
7956 136
7957 136
7958 136
7959 136
7960 136
7961 136
7962 136
7963 136
7964 136
7965 136
7966 136
7967 136
7968 136
7969 136
7970 136
7971 136
7972 136
7973 136
7974 136
7975 136
7976 136
7977 136
7978 136
7979 136
7980 136
7981 136
7982 136
7983 136
7984 136
7985 136
7986 137
7987 137
7988 137
7989 137
7990 137
7991 137
7992 137
7993 137
7994 137
7995 137
7996 137
7997 137
7998 137
7999 137
8000 137
8001 137
8002 137
8003 137
8004 137
8005 137
8006 137
8007 137
8008 137
8009 137
8010 137
8011 137
8012 137
8013 137
8014 137
8015 137
8016 137
8017 137
8018 137
8019 137
8020 137
8021 137
8022 137
8023 137
8024 137
8025 137
8026 137
8027 137
8028 137
8029 137
8030 137
8031 137
8032 137
8033 137
8034 137
8035 137
8036 137
8037 137
8038 137
8039 137
8040 137
8041 137
8042 137
8043 137
8044 137
8045 137
8046 138
8047 138
8048 138
8049 138
8050 138
8051 138
8052 138
8053 138
8054 138
8055 138
8056 138
8057 138
8058 138
8059 138
8060 138
8061 138
8062 138
8063 138
8064 138
8065 138
8066 138
8067 138
8068 138
8069 138
8070 138
8071 138
8072 138
8073 138
8074 138
8075 138
8076 138
8077 138
8078 138
8079 138
8080 138
8081 138
8082 138
8083 138
8084 138
8085 138
8086 138
8087 138
8088 138
8089 138
8090 138
8091 138
8092 138
8093 138
8094 138
8095 138
8096 138
8097 138
8098 138
8099 138
8100 138
8101 138
8102 138
8103 138
8104 138
8105 138
8106 139
8107 139
8108 139
8109 139
8110 139
8111 139
8112 139
8113 139
8114 139
8115 139
8116 139
8117 139
8118 139
8119 139
8120 139
8121 139
8122 139
8123 139
8124 139
8125 139
8126 139
8127 139
8128 139
8129 139
8130 139
8131 139
8132 139
8133 139
8134 139
8135 139
8136 139
8137 139
8138 139
8139 139
8140 139
8141 139
8142 139
8143 139
8144 139
8145 139
8146 139
8147 139
8148 139
8149 139
8150 139
8151 139
8152 139
8153 139
8154 139
8155 139
8156 139
8157 139
8158 139
8159 139
8160 139
8161 139
8162 139
8163 139
8164 139
8165 139
8166 140
8167 140
8168 140
8169 140
8170 140
8171 140
8172 140
8173 140
8174 140
8175 140
8176 140
8177 140
8178 140
8179 140
8180 140
8181 140
8182 140
8183 140
8184 140
8185 140
8186 140
8187 140
8188 140
8189 140
8190 140
8191 140
8192 140
8193 140
8194 140
8195 140
8196 140
8197 140
8198 140
8199 140
8200 140
8201 140
8202 140
8203 140
8204 140
8205 140
8206 140
8207 140
8208 140
8209 140
8210 140
8211 140
8212 140
8213 140
8214 140
8215 140
8216 140
8217 140
8218 140
8219 140
8220 140
8221 140
8222 140
8223 140
8224 140
8225 140
8226 141
8227 141
8228 141
8229 141
8230 141
8231 141
8232 141
8233 141
8234 141
8235 141
8236 141
8237 141
8238 141
8239 141
8240 141
8241 141
8242 141
8243 141
8244 141
8245 141
8246 141
8247 141
8248 141
8249 141
8250 141
8251 141
8252 141
8253 141
8254 141
8255 141
8256 141
8257 141
8258 141
8259 141
8260 141
8261 141
8262 141
8263 141
8264 141
8265 141
8266 141
8267 141
8268 141
8269 141
8270 141
8271 141
8272 141
8273 141
8274 141
8275 141
8276 141
8277 141
8278 141
8279 141
8280 141
8281 141
8282 141
8283 141
8284 142
8285 142
8286 142
8287 142
8288 142
8289 142
8290 142
8291 142
8292 142
8293 142
8294 142
8295 142
8296 142
8297 142
8298 142
8299 142
8300 142
8301 142
8302 142
8303 142
8304 142
8305 142
8306 142
8307 142
8308 142
8309 142
8310 142
8311 142
8312 142
8313 142
8314 142
8315 142
8316 142
8317 142
8318 142
8319 142
8320 142
8321 142
8322 142
8323 142
8324 142
8325 142
8326 142
8327 142
8328 142
8329 142
8330 142
8331 142
8332 142
8333 142
8334 142
8335 142
8336 142
8337 142
8338 142
8339 142
8340 142
8341 142
8342 142
8343 142
8344 143
8345 143
8346 143
8347 143
8348 143
8349 143
8350 143
8351 143
8352 143
8353 143
8354 143
8355 143
8356 143
8357 143
8358 143
8359 143
8360 143
8361 143
8362 143
8363 143
8364 143
8365 143
8366 143
8367 143
8368 143
8369 143
8370 143
8371 143
8372 143
8373 143
8374 143
8375 143
8376 143
8377 143
8378 143
8379 143
8380 143
8381 143
8382 143
8383 143
8384 143
8385 143
8386 143
8387 143
8388 143
8389 143
8390 143
8391 143
8392 143
8393 143
8394 143
8395 143
8396 143
8397 143
8398 143
8399 143
8400 143
8401 143
8402 143
8403 143
8404 144
8405 144
8406 144
8407 144
8408 144
8409 144
8410 144
8411 144
8412 144
8413 144
8414 144
8415 144
8416 144
8417 144
8418 144
8419 144
8420 144
8421 144
8422 144
8423 144
8424 144
8425 144
8426 144
8427 144
8428 144
8429 144
8430 144
8431 144
8432 144
8433 144
8434 144
8435 144
8436 144
8437 144
8438 144
8439 144
8440 144
8441 144
8442 144
8443 144
8444 144
8445 144
8446 144
8447 144
8448 144
8449 144
8450 144
8451 144
8452 144
8453 144
8454 144
8455 144
8456 144
8457 144
8458 144
8459 144
8460 144
8461 144
8462 144
8463 144
8464 145
8465 145
8466 145
8467 145
8468 145
8469 145
8470 145
8471 145
8472 145
8473 145
8474 145
8475 145
8476 145
8477 145
8478 145
8479 145
8480 145
8481 145
8482 145
8483 145
8484 145
8485 145
8486 145
8487 145
8488 145
8489 145
8490 145
8491 145
8492 145
8493 145
8494 145
8495 145
8496 145
8497 145
8498 145
8499 145
8500 145
8501 145
8502 145
8503 145
8504 145
8505 145
8506 145
8507 145
8508 145
8509 145
8510 145
8511 145
8512 145
8513 145
8514 145
8515 145
8516 145
8517 145
8518 145
8519 145
8520 145
8521 145
8522 145
8523 145
8524 146
8525 146
8526 146
8527 146
8528 146
8529 146
8530 146
8531 146
8532 146
8533 146
8534 146
8535 146
8536 146
8537 146
8538 146
8539 146
8540 146
8541 146
8542 146
8543 146
8544 146
8545 146
8546 146
8547 146
8548 146
8549 146
8550 146
8551 146
8552 146
8553 146
8554 146
8555 146
8556 146
8557 146
8558 146
8559 146
8560 146
8561 146
8562 146
8563 146
8564 146
8565 146
8566 146
8567 146
8568 146
8569 146
8570 146
8571 146
8572 146
8573 146
8574 146
8575 146
8576 146
8577 146
8578 146
8579 146
8580 146
8581 146
8582 146
8583 146
8584 147
8585 147
8586 147
8587 147
8588 147
8589 147
8590 147
8591 147
8592 147
8593 147
8594 147
8595 147
8596 147
8597 147
8598 147
8599 147
8600 147
8601 147
8602 147
8603 147
8604 147
8605 147
8606 147
8607 147
8608 147
8609 147
8610 147
8611 147
8612 147
8613 147
8614 147
8615 147
8616 147
8617 147
8618 147
8619 147
8620 147
8621 147
8622 147
8623 147
8624 147
8625 147
8626 147
8627 147
8628 147
8629 147
8630 147
8631 147
8632 147
8633 147
8634 147
8635 147
8636 147
8637 147
8638 147
8639 147
8640 147
8641 147
8642 147
8643 147
8644 148
8645 148
8646 148
8647 148
8648 148
8649 148
8650 148
8651 148
8652 148
8653 148
8654 148
8655 148
8656 148
8657 148
8658 148
8659 148
8660 148
8661 148
8662 148
8663 148
8664 148
8665 148
8666 148
8667 148
8668 148
8669 148
8670 148
8671 148
8672 148
8673 148
8674 148
8675 148
8676 148
8677 148
8678 148
8679 148
8680 148
8681 148
8682 148
8683 148
8684 148
8685 148
8686 148
8687 148
8688 148
8689 148
8690 148
8691 148
8692 148
8693 148
8694 148
8695 148
8696 148
8697 148
8698 148
8699 148
8700 148
8701 148
8702 148
8703 148
8704 149
8705 149
8706 149
8707 149
8708 149
8709 149
8710 149
8711 149
8712 149
8713 149
8714 149
8715 149
8716 149
8717 149
8718 149
8719 149
8720 149
8721 149
8722 149
8723 149
8724 149
8725 149
8726 149
8727 149
8728 149
8729 149
8730 149
8731 149
8732 149
8733 149
8734 149
8735 149
8736 149
8737 149
8738 149
8739 149
8740 149
8741 149
8742 149
8743 149
8744 149
8745 149
8746 149
8747 149
8748 149
8749 149
8750 149
8751 149
8752 149
8753 149
8754 149
8755 149
8756 149
8757 149
8758 149
8759 149
8760 149
8761 149
8762 149
8763 150
8764 150
8765 150
8766 150
8767 150
8768 150
8769 150
8770 150
8771 150
8772 150
8773 150
8774 150
8775 150
8776 150
8777 150
8778 150
8779 150
8780 150
8781 150
8782 150
8783 150
8784 150
8785 150
8786 150
8787 150
8788 150
8789 150
8790 150
8791 150
8792 150
8793 150
8794 150
8795 150
8796 150
8797 150
8798 150
8799 150
8800 150
8801 150
8802 150
8803 150
8804 150
8805 150
8806 150
8807 150
8808 150
8809 150
8810 150
8811 150
8812 150
8813 150
8814 150
8815 150
8816 150
8817 150
8818 150
8819 150
8820 150
8821 150
8822 150
8823 151
8824 151
8825 151
8826 151
8827 151
8828 151
8829 151
8830 151
8831 151
8832 151
8833 151
8834 151
8835 151
8836 151
8837 151
8838 151
8839 151
8840 151
8841 151
8842 151
8843 151
8844 151
8845 151
8846 151
8847 151
8848 151
8849 151
8850 151
8851 151
8852 151
8853 151
8854 151
8855 151
8856 151
8857 151
8858 151
8859 151
8860 151
8861 151
8862 151
8863 151
8864 151
8865 151
8866 151
8867 151
8868 151
8869 151
8870 151
8871 151
8872 151
8873 151
8874 152
8875 152
8876 152
8877 152
8878 152
8879 152
8880 152
8881 152
8882 152
8883 152
8884 152
8885 152
8886 152
8887 152
8888 152
8889 152
8890 152
8891 152
8892 152
8893 152
8894 152
8895 152
8896 152
8897 152
8898 152
8899 152
8900 152
8901 152
8902 152
8903 152
8904 152
8905 152
8906 152
8907 152
8908 152
8909 152
8910 152
8911 152
8912 152
8913 152
8914 152
8915 152
8916 152
8917 152
8918 152
8919 152
8920 152
8921 152
8922 152
8923 152
8924 152
8925 152
8926 152
8927 152
8928 152
8929 152
8930 152
8931 152
8932 152
8933 152
8934 153
8935 153
8936 153
8937 153
8938 153
8939 153
8940 153
8941 153
8942 153
8943 153
8944 153
8945 153
8946 153
8947 153
8948 153
8949 153
8950 153
8951 153
8952 153
8953 153
8954 153
8955 153
8956 153
8957 153
8958 153
8959 153
8960 153
8961 153
8962 153
8963 153
8964 153
8965 153
8966 153
8967 153
8968 153
8969 153
8970 153
8971 153
8972 153
8973 153
8974 153
8975 153
8976 153
8977 153
8978 153
8979 153
8980 153
8981 153
8982 153
8983 153
8984 153
8985 153
8986 153
8987 153
8988 153
8989 153
8990 153
8991 153
8992 153
8993 154
8994 154
8995 154
8996 154
8997 154
8998 154
8999 154
9000 154
9001 154
9002 154
9003 154
9004 154
9005 154
9006 154
9007 154
9008 154
9009 154
9010 154
9011 154
9012 154
9013 154
9014 154
9015 154
9016 154
9017 154
9018 154
9019 154
9020 154
9021 154
9022 154
9023 154
9024 154
9025 154
9026 154
9027 154
9028 154
9029 154
9030 154
9031 154
9032 154
9033 154
9034 154
9035 154
9036 154
9037 154
9038 154
9039 154
9040 154
9041 154
9042 154
9043 154
9044 154
9045 154
9046 154
9047 154
9048 154
9049 154
9050 154
9051 154
9052 154
9053 155
9054 155
9055 155
9056 155
9057 155
9058 155
9059 155
9060 155
9061 155
9062 155
9063 155
9064 155
9065 155
9066 155
9067 155
9068 155
9069 155
9070 155
9071 155
9072 155
9073 155
9074 155
9075 155
9076 155
9077 155
9078 155
9079 155
9080 155
9081 155
9082 155
9083 155
9084 155
9085 155
9086 155
9087 155
9088 155
9089 155
9090 155
9091 155
9092 155
9093 155
9094 155
9095 155
9096 155
9097 155
9098 155
9099 155
9100 155
9101 155
9102 155
9103 155
9104 155
9105 155
9106 155
9107 155
9108 155
9109 155
9110 155
9111 155
9112 155
9113 156
9114 156
9115 156
9116 156
9117 156
9118 156
9119 156
9120 156
9121 156
9122 156
9123 156
9124 156
9125 156
9126 156
9127 156
9128 156
9129 156
9130 156
9131 156
9132 156
9133 156
9134 156
9135 156
9136 156
9137 156
9138 156
9139 156
9140 156
9141 156
9142 156
9143 156
9144 156
9145 156
9146 156
9147 156
9148 156
9149 156
9150 156
9151 156
9152 156
9153 156
9154 156
9155 156
9156 156
9157 156
9158 156
9159 156
9160 156
9161 156
9162 156
9163 156
9164 156
9165 156
9166 156
9167 156
9168 156
9169 156
9170 156
9171 156
9172 156
9173 157
9174 157
9175 157
9176 157
9177 157
9178 157
9179 157
9180 157
9181 157
9182 157
9183 157
9184 157
9185 157
9186 157
9187 157
9188 157
9189 157
9190 157
9191 157
9192 157
9193 157
9194 157
9195 157
9196 157
9197 157
9198 157
9199 157
9200 157
9201 157
9202 157
9203 157
9204 157
9205 157
9206 157
9207 157
9208 157
9209 157
9210 157
9211 157
9212 157
9213 157
9214 157
9215 157
9216 157
9217 157
9218 157
9219 157
9220 157
9221 157
9222 157
9223 157
9224 157
9225 157
9226 157
9227 157
9228 157
9229 157
9230 157
9231 157
9232 158
9233 158
9234 158
9235 158
9236 158
9237 158
9238 158
9239 158
9240 158
9241 158
9242 158
9243 158
9244 158
9245 158
9246 158
9247 158
9248 158
9249 158
9250 158
9251 158
9252 158
9253 158
9254 158
9255 158
9256 158
9257 158
9258 158
9259 158
9260 158
9261 158
9262 158
9263 158
9264 158
9265 158
9266 158
9267 158
9268 158
9269 158
9270 158
9271 158
9272 158
9273 158
9274 158
9275 158
9276 158
9277 158
9278 158
9279 158
9280 158
9281 158
9282 158
9283 158
9284 158
9285 158
9286 158
9287 158
9288 158
9289 158
9290 158
9291 158
9292 159
9293 159
9294 159
9295 159
9296 159
9297 159
9298 159
9299 159
9300 159
9301 159
9302 159
9303 159
9304 159
9305 159
9306 159
9307 159
9308 159
9309 159
9310 159
9311 159
9312 159
9313 159
9314 159
9315 159
9316 159
9317 159
9318 159
9319 159
9320 159
9321 159
9322 159
9323 159
9324 159
9325 159
9326 159
9327 159
9328 159
9329 159
9330 159
9331 159
9332 159
9333 159
9334 159
9335 159
9336 159
9337 159
9338 159
9339 159
9340 159
9341 159
9342 159
9343 159
9344 159
9345 159
9346 159
9347 159
9348 159
9349 159
9350 159
9351 159
9352 160
9353 160
9354 160
9355 160
9356 160
9357 160
9358 160
9359 160
9360 160
9361 160
9362 160
9363 160
9364 160
9365 160
9366 160
9367 160
9368 160
9369 160
9370 160
9371 160
9372 160
9373 160
9374 160
9375 160
9376 160
9377 160
9378 160
9379 160
9380 160
9381 160
9382 160
9383 160
9384 160
9385 160
9386 160
9387 160
9388 160
9389 160
9390 160
9391 160
9392 160
9393 160
9394 160
9395 160
9396 160
9397 160
9398 160
9399 160
9400 160
9401 160
9402 160
9403 160
9404 160
9405 160
9406 160
9407 160
9408 160
9409 160
9410 160
9411 161
9412 161
9413 161
9414 161
9415 161
9416 161
9417 161
9418 161
9419 161
9420 161
9421 161
9422 161
9423 161
9424 161
9425 161
9426 161
9427 161
9428 161
9429 161
9430 161
9431 161
9432 161
9433 161
9434 161
9435 161
9436 161
9437 161
9438 161
9439 161
9440 161
9441 161
9442 161
9443 161
9444 161
9445 161
9446 161
9447 161
9448 161
9449 161
9450 161
9451 161
9452 161
9453 161
9454 161
9455 161
9456 161
9457 161
9458 161
9459 161
9460 161
9461 161
9462 161
9463 161
9464 161
9465 161
9466 161
9467 161
9468 161
9469 161
9470 161
9471 162
9472 162
9473 162
9474 162
9475 162
9476 162
9477 162
9478 162
9479 162
9480 162
9481 162
9482 162
9483 162
9484 162
9485 162
9486 162
9487 162
9488 162
9489 162
9490 162
9491 162
9492 162
9493 162
9494 162
9495 162
9496 162
9497 162
9498 162
9499 162
9500 162
9501 162
9502 162
9503 162
9504 162
9505 162
9506 162
9507 162
9508 162
9509 162
9510 162
9511 162
9512 162
9513 162
9514 162
9515 162
9516 162
9517 162
9518 162
9519 162
9520 162
9521 162
9522 162
9523 162
9524 162
9525 162
9526 162
9527 162
9528 162
9529 162
9530 162
9531 163
9532 163
9533 163
9534 163
9535 163
9536 163
9537 163
9538 163
9539 163
9540 163
9541 163
9542 163
9543 163
9544 163
9545 163
9546 163
9547 163
9548 163
9549 163
9550 163
9551 163
9552 163
9553 163
9554 163
9555 163
9556 163
9557 163
9558 163
9559 163
9560 163
9561 163
9562 163
9563 163
9564 163
9565 163
9566 163
9567 163
9568 163
9569 163
9570 163
9571 163
9572 163
9573 163
9574 163
9575 163
9576 163
9577 163
9578 163
9579 163
9580 163
9581 163
9582 163
9583 163
9584 163
9585 163
9586 163
9587 163
9588 163
9589 163
9590 163
9591 164
9592 164
9593 164
9594 164
9595 164
9596 164
9597 164
9598 164
9599 164
9600 164
9601 164
9602 164
9603 164
9604 164
9605 164
9606 164
9607 164
9608 164
9609 164
9610 164
9611 164
9612 164
9613 164
9614 164
9615 164
9616 164
9617 164
9618 164
9619 164
9620 164
9621 164
9622 164
9623 164
9624 164
9625 164
9626 164
9627 164
9628 164
9629 164
9630 164
9631 164
9632 164
9633 164
9634 164
9635 164
9636 164
9637 164
9638 164
9639 164
9640 164
9641 164
9642 164
9643 164
9644 164
9645 164
9646 164
9647 164
9648 164
9649 164
9650 164
9651 165
9652 165
9653 165
9654 165
9655 165
9656 165
9657 165
9658 165
9659 165
9660 165
9661 165
9662 165
9663 165
9664 165
9665 165
9666 165
9667 165
9668 165
9669 165
9670 165
9671 165
9672 165
9673 165
9674 165
9675 165
9676 165
9677 165
9678 165
9679 165
9680 165
9681 165
9682 165
9683 165
9684 165
9685 165
9686 165
9687 165
9688 165
9689 165
9690 165
9691 165
9692 165
9693 165
9694 165
9695 165
9696 165
9697 165
9698 165
9699 165
9700 165
9701 165
9702 165
9703 165
9704 165
9705 165
9706 165
9707 165
9708 165
9709 165
9710 165
9711 166
9712 166
9713 166
9714 166
9715 166
9716 166
9717 166
9718 166
9719 166
9720 166
9721 166
9722 166
9723 166
9724 166
9725 166
9726 166
9727 166
9728 166
9729 166
9730 166
9731 166
9732 166
9733 166
9734 166
9735 166
9736 166
9737 166
9738 166
9739 166
9740 166
9741 166
9742 166
9743 166
9744 166
9745 166
9746 166
9747 166
9748 166
9749 166
9750 166
9751 166
9752 166
9753 166
9754 166
9755 166
9756 166
9757 166
9758 166
9759 166
9760 166
9761 166
9762 166
9763 166
9764 166
9765 166
9766 166
9767 166
9768 166
9769 166
9770 167
9771 167
9772 167
9773 167
9774 167
9775 167
9776 167
9777 167
9778 167
9779 167
9780 167
9781 167
9782 167
9783 167
9784 167
9785 167
9786 167
9787 167
9788 167
9789 167
9790 167
9791 167
9792 167
9793 167
9794 167
9795 167
9796 167
9797 167
9798 167
9799 167
9800 167
9801 167
9802 167
9803 167
9804 167
9805 167
9806 167
9807 167
9808 167
9809 167
9810 167
9811 167
9812 167
9813 167
9814 167
9815 167
9816 167
9817 167
9818 167
9819 167
9820 167
9821 167
9822 167
9823 167
9824 167
9825 167
9826 167
9827 167
9828 167
9829 167
9830 168
9831 168
9832 168
9833 168
9834 168
9835 168
9836 168
9837 168
9838 168
9839 168
9840 168
9841 168
9842 168
9843 168
9844 168
9845 168
9846 168
9847 168
9848 168
9849 168
9850 168
9851 168
9852 168
9853 168
9854 168
9855 168
9856 168
9857 168
9858 168
9859 168
9860 168
9861 168
9862 168
9863 168
9864 168
9865 168
9866 168
9867 168
9868 168
9869 168
9870 168
9871 168
9872 168
9873 168
9874 168
9875 168
9876 168
9877 168
9878 168
9879 168
9880 168
9881 168
9882 168
9883 168
9884 168
9885 168
9886 168
9887 168
9888 168
9889 169
9890 169
9891 169
9892 169
9893 169
9894 169
9895 169
9896 169
9897 169
9898 169
9899 169
9900 169
9901 169
9902 169
9903 169
9904 169
9905 169
9906 169
9907 169
9908 169
9909 169
9910 169
9911 169
9912 169
9913 169
9914 169
9915 169
9916 169
9917 169
9918 169
9919 169
9920 169
9921 169
9922 169
9923 169
9924 169
9925 169
9926 169
9927 169
9928 169
9929 169
9930 169
9931 169
9932 169
9933 169
9934 169
9935 169
9936 169
9937 169
9938 169
9939 169
9940 169
9941 169
9942 169
9943 169
9944 169
9945 169
9946 169
9947 169
9948 170
9949 170
9950 170
9951 170
9952 170
9953 170
9954 170
9955 170
9956 170
9957 170
9958 170
9959 170
9960 170
9961 170
9962 170
9963 170
9964 170
9965 170
9966 170
9967 170
9968 170
9969 170
9970 170
9971 170
9972 170
9973 170
9974 170
9975 170
9976 170
9977 170
9978 170
9979 170
9980 170
9981 170
9982 170
9983 170
9984 170
9985 170
9986 170
9987 170
9988 170
9989 170
9990 170
9991 170
9992 170
9993 170
9994 170
9995 170
9996 170
9997 170
9998 170
9999 170
10000 170
10001 170
10002 170
10003 170
10004 170
10005 170
10006 170
10007 170
10008 171
10009 171
10010 171
10011 171
10012 171
10013 171
10014 171
10015 171
10016 171
10017 171
10018 171
10019 171
10020 171
10021 171
10022 171
10023 171
10024 171
10025 171
10026 171
10027 171
10028 171
10029 171
10030 171
10031 171
10032 171
10033 171
10034 171
10035 171
10036 171
10037 171
10038 171
10039 171
10040 171
10041 171
10042 171
10043 171
10044 171
10045 171
10046 171
10047 171
10048 171
10049 171
10050 171
10051 171
10052 171
10053 171
10054 171
10055 171
10056 171
10057 171
10058 171
10059 171
10060 171
10061 171
10062 171
10063 171
10064 171
10065 171
10066 171
10067 171
10068 172
10069 172
10070 172
10071 172
10072 172
10073 172
10074 172
10075 172
10076 172
10077 172
10078 172
10079 172
10080 172
10081 172
10082 172
10083 172
10084 172
10085 172
10086 172
10087 172
10088 172
10089 172
10090 172
10091 172
10092 172
10093 172
10094 172
10095 172
10096 172
10097 172
10098 172
10099 172
10100 172
10101 172
10102 172
10103 172
10104 172
10105 172
10106 172
10107 172
10108 172
10109 172
10110 172
10111 172
10112 172
10113 172
10114 172
10115 172
10116 172
10117 172
10118 172
10119 172
10120 172
10121 172
10122 172
10123 172
10124 172
10125 172
10126 172
10127 172
10128 173
10129 173
10130 173
10131 173
10132 173
10133 173
10134 173
10135 173
10136 173
10137 173
10138 173
10139 173
10140 173
10141 173
10142 173
10143 173
10144 173
10145 173
10146 173
10147 173
10148 173
10149 173
10150 173
10151 173
10152 173
10153 173
10154 173
10155 173
10156 173
10157 173
10158 173
10159 173
10160 173
10161 173
10162 173
10163 173
10164 173
10165 173
10166 173
10167 173
10168 173
10169 173
10170 173
10171 173
10172 173
10173 173
10174 173
10175 173
10176 173
10177 173
10178 173
10179 173
10180 173
10181 173
10182 173
10183 173
10184 173
10185 173
10186 173
10187 173
10188 174
10189 174
10190 174
10191 174
10192 174
10193 174
10194 174
10195 174
10196 174
10197 174
10198 174
10199 174
10200 174
10201 174
10202 174
10203 174
10204 174
10205 174
10206 174
10207 174
10208 174
10209 174
10210 174
10211 174
10212 174
10213 174
10214 174
10215 174
10216 174
10217 174
10218 174
10219 174
10220 174
10221 174
10222 174
10223 174
10224 174
10225 174
10226 174
10227 174
10228 174
10229 174
10230 174
10231 174
10232 174
10233 174
10234 174
10235 174
10236 174
10237 174
10238 174
10239 174
10240 174
10241 174
10242 174
10243 174
10244 174
10245 174
10246 174
10247 174
10248 175
10249 175
10250 175
10251 175
10252 175
10253 175
10254 175
10255 175
10256 175
10257 175
10258 175
10259 175
10260 175
10261 175
10262 175
10263 175
10264 175
10265 175
10266 175
10267 175
10268 175
10269 175
10270 175
10271 175
10272 175
10273 175
10274 175
10275 175
10276 175
10277 175
10278 175
10279 175
10280 175
10281 175
10282 175
10283 175
10284 175
10285 175
10286 175
10287 175
10288 175
10289 175
10290 175
10291 175
10292 175
10293 175
10294 175
10295 175
10296 175
10297 175
10298 175
10299 175
10300 175
10301 175
10302 175
10303 175
10304 175
10305 175
10306 175
10307 175
10308 176
10309 176
10310 176
10311 176
10312 176
10313 176
10314 176
10315 176
10316 176
10317 176
10318 176
10319 176
10320 176
10321 176
10322 176
10323 176
10324 176
10325 176
10326 176
10327 176
10328 176
10329 176
10330 176
10331 176
10332 176
10333 176
10334 176
10335 176
10336 176
10337 176
10338 176
10339 176
10340 176
10341 176
10342 176
10343 176
10344 176
10345 176
10346 176
10347 176
10348 176
10349 176
10350 176
10351 176
10352 176
10353 176
10354 176
10355 176
10356 176
10357 176
10358 176
10359 176
10360 176
10361 176
10362 176
10363 176
10364 176
10365 176
10366 176
10367 176
10368 177
10369 177
10370 177
10371 177
10372 177
10373 177
10374 177
10375 177
10376 177
10377 177
10378 177
10379 177
10380 177
10381 177
10382 177
10383 177
10384 177
10385 177
10386 177
10387 177
10388 177
10389 177
10390 177
10391 177
10392 177
10393 177
10394 177
10395 177
10396 177
10397 177
10398 177
10399 177
10400 177
10401 177
10402 177
10403 177
10404 177
10405 177
10406 177
10407 177
10408 177
10409 177
10410 177
10411 177
10412 177
10413 177
10414 177
10415 177
10416 177
10417 177
10418 177
10419 177
10420 177
10421 177
10422 177
10423 177
10424 177
10425 177
10426 177
10427 177
10428 178
10429 178
10430 178
10431 178
10432 178
10433 178
10434 178
10435 178
10436 178
10437 178
10438 178
10439 178
10440 178
10441 178
10442 178
10443 178
10444 178
10445 178
10446 178
10447 178
10448 178
10449 178
10450 178
10451 178
10452 178
10453 178
10454 178
10455 178
10456 178
10457 178
10458 178
10459 178
10460 178
10461 178
10462 178
10463 178
10464 178
10465 178
10466 178
10467 178
10468 178
10469 178
10470 178
10471 178
10472 178
10473 178
10474 178
10475 178
10476 178
10477 178
10478 178
10479 178
10480 178
10481 178
10482 178
10483 178
10484 179
10485 179
10486 179
10487 179
10488 179
10489 179
10490 179
10491 179
10492 179
10493 179
10494 179
10495 179
10496 179
10497 179
10498 179
10499 179
10500 179
10501 179
10502 179
10503 179
10504 179
10505 179
10506 179
10507 179
10508 179
10509 179
10510 179
10511 179
10512 179
10513 179
10514 179
10515 179
10516 179
10517 179
10518 179
10519 179
10520 179
10521 179
10522 179
10523 179
10524 179
10525 179
10526 179
10527 179
10528 179
10529 179
10530 179
10531 179
10532 179
10533 179
10534 179
10535 179
10536 179
10537 179
10538 179
10539 179
10540 179
10541 179
10542 179
10543 180
10544 180
10545 180
10546 180
10547 180
10548 180
10549 180
10550 180
10551 180
10552 180
10553 180
10554 180
10555 180
10556 180
10557 180
10558 180
10559 180
10560 180
10561 180
10562 180
10563 180
10564 180
10565 180
10566 180
10567 180
10568 180
10569 180
10570 180
10571 180
10572 180
10573 180
10574 180
10575 180
10576 180
10577 180
10578 180
10579 180
10580 180
10581 180
10582 180
10583 180
10584 180
10585 180
10586 180
10587 180
10588 180
10589 180
10590 180
10591 180
10592 180
10593 180
10594 180
10595 180
10596 180
10597 180
10598 180
10599 180
10600 180
10601 180
10602 180
10603 181
10604 181
10605 181
10606 181
10607 181
10608 181
10609 181
10610 181
10611 181
10612 181
10613 181
10614 181
10615 181
10616 181
10617 181
10618 181
10619 181
10620 181
10621 181
10622 181
10623 181
10624 181
10625 181
10626 181
10627 181
10628 181
10629 181
10630 181
10631 181
10632 181
10633 181
10634 181
10635 181
10636 181
10637 181
10638 181
10639 181
10640 181
10641 181
10642 181
10643 181
10644 181
10645 181
10646 181
10647 181
10648 181
10649 181
10650 181
10651 181
10652 181
10653 181
10654 181
10655 181
10656 181
10657 181
10658 181
10659 181
10660 181
10661 181
10662 182
10663 182
10664 182
10665 182
10666 182
10667 182
10668 182
10669 182
10670 182
10671 182
10672 182
10673 182
10674 182
10675 182
10676 182
10677 182
10678 182
10679 182
10680 182
10681 182
10682 182
10683 182
10684 182
10685 182
10686 182
10687 182
10688 182
10689 182
10690 182
10691 182
10692 182
10693 182
10694 182
10695 182
10696 182
10697 182
10698 182
10699 182
10700 182
10701 182
10702 182
10703 182
10704 182
10705 182
10706 182
10707 182
10708 182
10709 182
10710 182
10711 182
10712 182
10713 182
10714 182
10715 182
10716 182
10717 182
10718 182
10719 182
10720 182
10721 182
10722 183
10723 183
10724 183
10725 183
10726 183
10727 183
10728 183
10729 183
10730 183
10731 183
10732 183
10733 183
10734 183
10735 183
10736 183
10737 183
10738 183
10739 183
10740 183
10741 183
10742 183
10743 183
10744 183
10745 183
10746 183
10747 183
10748 183
10749 183
10750 183
10751 183
10752 183
10753 183
10754 183
10755 183
10756 183
10757 183
10758 183
10759 183
10760 183
10761 183
10762 183
10763 183
10764 183
10765 183
10766 183
10767 183
10768 183
10769 183
10770 183
10771 183
10772 183
10773 183
10774 183
10775 183
10776 183
10777 183
10778 183
10779 183
10780 183
10781 183
10782 184
10783 184
10784 184
10785 184
10786 184
10787 184
10788 184
10789 184
10790 184
10791 184
10792 184
10793 184
10794 184
10795 184
10796 184
10797 184
10798 184
10799 184
10800 184
10801 184
10802 184
10803 184
10804 184
10805 184
10806 184
10807 184
10808 184
10809 184
10810 184
10811 184
10812 184
10813 184
10814 184
10815 184
10816 184
10817 184
10818 184
10819 184
10820 184
10821 184
10822 184
10823 184
10824 184
10825 184
10826 184
10827 184
10828 184
10829 184
10830 184
10831 184
10832 184
10833 184
10834 184
10835 184
10836 184
10837 184
10838 184
10839 184
10840 184
10841 184
10842 185
10843 185
10844 185
10845 185
10846 185
10847 185
10848 185
10849 185
10850 185
10851 185
10852 185
10853 185
10854 185
10855 185
10856 185
10857 185
10858 185
10859 185
10860 185
10861 185
10862 185
10863 185
10864 185
10865 185
10866 185
10867 185
10868 185
10869 185
10870 185
10871 185
10872 185
10873 185
10874 185
10875 185
10876 185
10877 185
10878 185
10879 185
10880 185
10881 185
10882 185
10883 185
10884 185
10885 185
10886 185
10887 185
10888 185
10889 185
10890 185
10891 185
10892 185
10893 185
10894 185
10895 185
10896 185
10897 185
10898 185
10899 185
10900 185
10901 185
10902 186
10903 186
10904 186
10905 186
10906 186
10907 186
10908 186
10909 186
10910 186
10911 186
10912 186
10913 186
10914 186
10915 186
10916 186
10917 186
10918 186
10919 186
10920 186
10921 186
10922 186
10923 186
10924 186
10925 186
10926 186
10927 186
10928 186
10929 186
10930 186
10931 186
10932 186
10933 186
10934 186
10935 186
10936 186
10937 186
10938 186
10939 186
10940 186
10941 186
10942 186
10943 186
10944 186
10945 186
10946 186
10947 186
10948 186
10949 186
10950 186
10951 186
10952 186
10953 186
10954 186
10955 186
10956 186
10957 186
10958 186
10959 186
10960 186
10961 186
10962 187
10963 187
10964 187
10965 187
10966 187
10967 187
10968 187
10969 187
10970 187
10971 187
10972 187
10973 187
10974 187
10975 187
10976 187
10977 187
10978 187
10979 187
10980 187
10981 187
10982 187
10983 187
10984 187
10985 187
10986 187
10987 187
10988 187
10989 187
10990 187
10991 187
10992 187
10993 187
10994 187
10995 187
10996 187
10997 187
10998 187
10999 187
11000 187
11001 187
11002 187
11003 187
11004 187
11005 187
11006 187
11007 187
11008 187
11009 187
11010 187
11011 187
11012 188
11013 188
11014 188
11015 188
11016 188
11017 188
11018 188
11019 188
11020 188
11021 188
11022 188
11023 188
11024 188
11025 188
11026 188
11027 188
11028 188
11029 188
11030 188
11031 188
11032 188
11033 188
11034 188
11035 188
11036 188
11037 188
11038 188
11039 188
11040 188
11041 188
11042 188
11043 188
11044 188
11045 188
11046 188
11047 188
11048 188
11049 188
11050 188
11051 188
11052 188
11053 188
11054 188
11055 188
11056 188
11057 188
11058 188
11059 188
11060 188
11061 188
11062 188
11063 188
11064 188
11065 188
11066 188
11067 188
11068 188
11069 188
11070 188
11071 188
11072 189
11073 189
11074 189
11075 189
11076 189
11077 189
11078 189
11079 189
11080 189
11081 189
11082 189
11083 189
11084 189
11085 189
11086 189
11087 189
11088 189
11089 189
11090 189
11091 189
11092 189
11093 189
11094 189
11095 189
11096 189
11097 189
11098 189
11099 189
11100 189
11101 189
11102 189
11103 189
11104 189
11105 189
11106 189
11107 189
11108 189
11109 189
11110 189
11111 189
11112 189
11113 189
11114 189
11115 189
11116 189
11117 189
11118 189
11119 189
11120 189
11121 189
11122 189
11123 189
11124 189
11125 189
11126 189
11127 189
11128 189
11129 189
11130 189
11131 189
11132 190
11133 190
11134 190
11135 190
11136 190
11137 190
11138 190
11139 190
11140 190
11141 190
11142 190
11143 190
11144 190
11145 190
11146 190
11147 190
11148 190
11149 190
11150 190
11151 190
11152 190
11153 190
11154 190
11155 190
11156 190
11157 190
11158 190
11159 190
11160 190
11161 190
11162 190
11163 190
11164 190
11165 190
11166 190
11167 190
11168 190
11169 190
11170 190
11171 190
11172 190
11173 190
11174 190
11175 190
11176 190
11177 190
11178 190
11179 190
11180 190
11181 190
11182 190
11183 190
11184 190
11185 190
11186 190
11187 190
11188 190
11189 190
11190 191
11191 191
11192 191
11193 191
11194 191
11195 191
11196 191
11197 191
11198 191
11199 191
11200 191
11201 191
11202 191
11203 191
11204 191
11205 191
11206 191
11207 191
11208 191
11209 191
11210 191
11211 191
11212 191
11213 191
11214 191
11215 191
11216 191
11217 191
11218 191
11219 191
11220 191
11221 191
11222 191
11223 191
11224 191
11225 191
11226 191
11227 191
11228 191
11229 191
11230 191
11231 191
11232 191
11233 191
11234 191
11235 191
11236 191
11237 191
11238 191
11239 191
11240 191
11241 191
11242 191
11243 191
11244 191
11245 191
11246 191
11247 191
11248 191
11249 191
11250 192
11251 192
11252 192
11253 192
11254 192
11255 192
11256 192
11257 192
11258 192
11259 192
11260 192
11261 192
11262 192
11263 192
11264 192
11265 192
11266 192
11267 192
11268 192
11269 192
11270 192
11271 192
11272 192
11273 192
11274 192
11275 192
11276 192
11277 192
11278 192
11279 192
11280 192
11281 192
11282 192
11283 192
11284 192
11285 192
11286 192
11287 192
11288 192
11289 192
11290 192
11291 192
11292 192
11293 192
11294 192
11295 192
11296 192
11297 192
11298 192
11299 192
11300 192
11301 192
11302 192
11303 192
11304 192
11305 192
11306 192
11307 192
11308 192
11309 192
11310 193
11311 193
11312 193
11313 193
11314 193
11315 193
11316 193
11317 193
11318 193
11319 193
11320 193
11321 193
11322 193
11323 193
11324 193
11325 193
11326 193
11327 193
11328 193
11329 193
11330 193
11331 193
11332 193
11333 193
11334 193
11335 193
11336 193
11337 193
11338 193
11339 193
11340 193
11341 193
11342 193
11343 193
11344 193
11345 193
11346 193
11347 193
11348 193
11349 193
11350 193
11351 193
11352 193
11353 193
11354 193
11355 193
11356 193
11357 193
11358 193
11359 193
11360 193
11361 193
11362 193
11363 193
11364 193
11365 193
11366 193
11367 193
11368 193
11369 193
11370 194
11371 194
11372 194
11373 194
11374 194
11375 194
11376 194
11377 194
11378 194
11379 194
11380 194
11381 194
11382 194
11383 194
11384 194
11385 194
11386 194
11387 194
11388 194
11389 194
11390 194
11391 194
11392 194
11393 194
11394 194
11395 194
11396 194
11397 194
11398 194
11399 194
11400 194
11401 194
11402 194
11403 194
11404 194
11405 194
11406 194
11407 194
11408 194
11409 194
11410 194
11411 194
11412 194
11413 194
11414 194
11415 194
11416 194
11417 194
11418 194
11419 194
11420 194
11421 194
11422 194
11423 194
11424 194
11425 194
11426 194
11427 194
11428 194
11429 194
11430 195
11431 195
11432 195
11433 195
11434 195
11435 195
11436 195
11437 195
11438 195
11439 195
11440 195
11441 195
11442 195
11443 195
11444 195
11445 195
11446 195
11447 195
11448 195
11449 195
11450 195
11451 195
11452 195
11453 195
11454 195
11455 195
11456 195
11457 195
11458 195
11459 195
11460 195
11461 195
11462 195
11463 195
11464 195
11465 195
11466 195
11467 195
11468 195
11469 195
11470 195
11471 195
11472 195
11473 195
11474 195
11475 195
11476 195
11477 195
11478 195
11479 195
11480 195
11481 195
11482 195
11483 195
11484 195
11485 195
11486 195
11487 195
11488 195
11489 195
11490 196
11491 196
11492 196
11493 196
11494 196
11495 196
11496 196
11497 196
11498 196
11499 196
11500 196
11501 196
11502 196
11503 196
11504 196
11505 196
11506 196
11507 196
11508 196
11509 196
11510 196
11511 196
11512 196
11513 196
11514 196
11515 196
11516 196
11517 196
11518 196
11519 196
11520 196
11521 196
11522 196
11523 196
11524 196
11525 196
11526 196
11527 196
11528 196
11529 196
11530 196
11531 196
11532 196
11533 196
11534 196
11535 196
11536 196
11537 196
11538 196
11539 196
11540 196
11541 196
11542 196
11543 196
11544 196
11545 196
11546 196
11547 196
11548 196
11549 197
11550 197
11551 197
11552 197
11553 197
11554 197
11555 197
11556 197
11557 197
11558 197
11559 197
11560 197
11561 197
11562 197
11563 197
11564 197
11565 197
11566 197
11567 197
11568 197
11569 197
11570 197
11571 197
11572 197
11573 197
11574 197
11575 197
11576 197
11577 197
11578 197
11579 197
11580 197
11581 197
11582 197
11583 197
11584 197
11585 197
11586 197
11587 197
11588 197
11589 197
11590 197
11591 197
11592 197
11593 197
11594 197
11595 197
11596 197
11597 197
11598 197
11599 197
11600 197
11601 197
11602 197
11603 197
11604 197
11605 197
11606 197
11607 197
11608 197
11609 198
11610 198
11611 198
11612 198
11613 198
11614 198
11615 198
11616 198
11617 198
11618 198
11619 198
11620 198
11621 198
11622 198
11623 198
11624 198
11625 198
11626 198
11627 198
11628 198
11629 198
11630 198
11631 198
11632 198
11633 198
11634 198
11635 198
11636 198
11637 198
11638 198
11639 198
11640 198
11641 198
11642 198
11643 198
11644 198
11645 198
11646 198
11647 198
11648 198
11649 198
11650 198
11651 198
11652 198
11653 198
11654 198
11655 198
11656 198
11657 198
11658 198
11659 198
11660 198
11661 198
11662 198
11663 198
11664 198
11665 198
11666 198
11667 198
11668 198
11669 199
11670 199
11671 199
11672 199
11673 199
11674 199
11675 199
11676 199
11677 199
11678 199
11679 199
11680 199
11681 199
11682 199
11683 199
11684 199
11685 199
11686 199
11687 199
11688 199
11689 199
11690 199
11691 199
11692 199
11693 199
11694 199
11695 199
11696 199
11697 199
11698 199
11699 199
11700 199
11701 199
11702 199
11703 199
11704 199
11705 199
11706 199
11707 199
11708 199
11709 199
11710 199
11711 199
11712 199
11713 199
11714 199
11715 199
11716 199
11717 199
11718 199
11719 199
11720 199
11721 199
11722 199
11723 199
11724 199
11725 199
11726 199
11727 199
11728 199
11729 200
11730 200
11731 200
11732 200
11733 200
11734 200
11735 200
11736 200
11737 200
11738 200
11739 200
11740 200
11741 200
11742 200
11743 200
11744 200
11745 200
11746 200
11747 200
11748 200
11749 200
11750 200
11751 200
11752 200
11753 200
11754 200
11755 200
11756 200
11757 200
11758 200
11759 200
11760 200
11761 200
11762 200
11763 200
11764 200
11765 200
11766 200
11767 200
11768 200
11769 200
11770 200
11771 200
11772 200
11773 200
11774 200
11775 200
11776 200
11777 200
11778 200
11779 200
11780 200
11781 200
11782 200
11783 200
11784 200
11785 200
11786 200
11787 200
11788 200
